1 13982 100 0 0
2 13982 200 0 0
3 13982 300 0 0
4 13982 400 0 0
5 13982 500 0 0
6 13982 600 0 0
7 13982 700 0 0
8 13982 800 0 0
9 13982 900 0 0
10 13982 1000 0 0
11 13982 1020 0 0
12 13982 1020 0 0
13 13982 1034 20 20
14 13982 1034 20 20
15 13982 1059 20 20
16 13982 1059 20 20
17 13982 1099 20 20
18 13982 1101 20 20
19 13982 1134 20 20
20 13982 1140 20 20
21 13982 1169 20 20
22 13982 1186 20 20
23 13982 1208 20 20
24 13982 1222 20 20
25 13982 1238 40 40
26 13982 1274 40 40
27 13982 1289 40 40
28 13982 1306 40 40
29 13982 1339 40 40
30 13982 1347 40 40
31 13982 1357 40 40
32 13982 1413 40 40
33 13982 1421 40 40
34 13982 1453 40 40
35 13982 1476 40 40
36 13982 1485 40 40
37 13982 1532 60 60
38 13982 1548 60 60
39 13982 1569 60 59
40 13982 1575 60 59
41 13982 1586 60 55
42 13982 1590 60 52
43 13982 1591 60 52
44 13982 1593 60 52
45 13982 1595 60 52
46 13982 1597 60 50
47 13982 1601 60 48
48 13982 1603 60 48
49 13982 1605 80 68
50 13982 1607 80 68
51 13982 1610 80 65
52 13982 1614 80 63
53 13982 1616 80 63
54 13982 1618 80 63
55 13982 1620 80 63
56 13982 1622 80 61
57 13982 1626 80 59
58 13982 1628 80 59
59 13982 1630 80 59
60 13982 1632 80 59
61 13982 1632 100 79
62 13982 1634 100 79
63 13982 1636 100 79
64 13982 1638 100 79
65 13982 1640 100 79
66 13982 1644 100 76
67 13982 1651 100 76
68 13982 1652 100 75
69 13982 1660 100 68
70 13982 1667 100 68
71 13982 1668 100 68
72 13982 1674 100 68
73 13982 1676 120 86
74 13982 1684 120 80
75 13982 1690 120 80
76 13982 1692 120 79
77 13982 1699 120 79
78 13982 1700 120 78
79 13982 1708 120 72
80 13982 1714 120 72
81 13982 1716 120 71
82 13982 1723 120 71
83 13982 1723 120 71
84 13982 1725 120 71
85 13982 1731 140 91
86 13982 1732 140 91
87 13982 1739 140 91
88 13982 1744 140 86
89 13982 1753 140 84
90 13982 1755 140 84
91 13982 1760 140 79
92 13982 1768 140 76
93 13982 1771 140 76
94 13982 1775 140 76
95 13982 1779 140 75
96 13982 1784 140 71
97 13982 1792 160 88
98 13982 1796 160 87
99 13982 1802 160 86
100 13982 1806 160 86
101 13982 1811 160 82
102 13982 1819 160 79
103 13982 1823 160 78
104 13982 1829 160 77
105 13982 1833 160 77
106 13982 1834 160 77
107 13982 1838 160 77
108 13982 1842 160 77
109 13982 1847 180 97
110 13982 1852 180 95
111 13982 1858 180 92
112 13982 1865 180 88
113 13982 1871 180 87
114 13982 1875 180 84
115 13982 1882 180 80
116 13982 1888 180 80
117 13982 1891 180 80
118 13982 1897 180 79
119 13982 1902 180 75
120 13982 1910 180 71
121 13982 1915 200 91
122 13982 1919 200 90
123 13982 1925 200 89
124 13982 1929 200 86
125 13982 1937 200 82
126 13982 1942 200 82
127 13982 1946 200 81
128 13982 1951 200 81
129 13982 1952 200 81
130 13982 1956 200 81
131 13982 1961 200 81
132 13982 1966 200 79
133 13982 1974 220 97
134 13982 1978 220 95
135 13982 1983 220 93
136 13982 1988 220 90
137 13982 1993 220 88
138 13982 1998 220 87
139 13982 2002 220 86
140 13982 2006 220 85
141 13982 2012 220 82
142 13982 2017 220 80
143 13982 2021 220 79
144 13982 2025 220 78
145 13982 2030 240 97
146 13982 2034 240 95
147 13982 2040 240 92
148 13982 2045 240 91
149 13982 2050 240 89
150 13982 2055 240 89
151 13982 2057 240 89
152 13982 2061 240 88
153 13982 2065 240 88
154 13982 2071 240 85
155 13982 2078 240 84
156 13982 2080 240 84
157 13982 2086 260 100
158 13982 2093 260 98
159 13982 2096 260 97
160 13982 2103 260 94
161 13982 2109 260 92
162 13982 2113 260 91
163 13982 2119 260 90
164 13982 2122 260 89
165 13982 2128 260 85
166 13982 2134 260 84
167 13982 2137 260 83
168 13982 2143 260 82
169 13982 2145 280 102
170 13982 2151 280 98
171 13982 2157 280 97
172 13982 2159 280 97
173 13982 2166 280 95
174 13982 2170 280 95
175 13982 2172 280 94
176 13982 2180 280 91
177 13982 2185 280 90
178 13982 2190 280 90
179 13982 2196 280 87
180 13982 2201 280 85
181 13982 2206 300 103
182 13982 2212 300 100
183 13982 2218 300 99
184 13982 2223 300 97
185 13982 2228 300 95
186 13982 2233 300 93
187 13982 2238 300 91
188 13982 2244 300 89
189 13982 2249 300 89
190 13982 2253 300 87
191 13982 2257 300 87
192 13982 2261 300 85
193 13982 2268 320 102
194 13982 2273 320 102
195 13982 2277 320 100
196 13982 2284 320 100
197 13982 2285 320 99
198 13982 2292 320 96
199 13982 2299 320 94
200 13982 2303 320 94
201 13982 2308 320 94
202 13982 2313 320 89
203 13982 2321 320 87
204 13982 2324 320 87
205 13982 2330 340 104
206 13982 2336 340 104
207 13982 2340 340 100
208 13982 2348 340 98
209 13982 2351 340 98
210 13982 2357 340 94
211 13982 2364 340 93
212 13982 2367 340 91
213 13982 2373 340 91
214 13982 2376 340 91
215 13982 2382 340 87
216 13982 2389 340 86
217 13982 2392 360 104
218 13982 2400 360 104
219 13982 2402 360 103
220 13982 2407 360 100
221 13982 2417 360 97
222 13982 2420 360 97
223 13982 2425 360 96
224 13982 2432 360 91
225 13982 2439 360 89
226 13982 2443 360 89
227 13982 2449 360 86
228 13982 2456 360 84
229 13982 2460 380 102
230 13982 2466 380 100
231 13982 2471 380 98
232 13982 2478 380 96
233 13982 2483 380 95
234 13982 2488 380 91
235 13982 2494 380 91
236 13982 2497 380 91
237 13982 2506 380 86
238 13982 2511 380 86
239 13982 2514 380 85
240 13982 2523 380 82
241 13982 2529 400 99
242 13982 2534 400 98
243 13982 2540 400 97
244 13982 2545 400 94
245 13982 2552 400 92
246 13982 2558 400 89
247 13982 2563 400 89
248 13982 2567 400 88
249 13982 2575 400 82
250 13982 2583 400 80
251 13982 2586 400 80
252 13982 2592 400 79
253 13982 2597 420 97
254 13982 2603 420 93
255 13982 2608 420 93
256 13982 2613 420 92
257 13982 2621 420 89
258 13982 2625 420 88
259 13982 2630 420 86
260 13982 2638 420 83
261 13982 2644 420 81
262 13982 2650 420 79
263 13982 2656 420 77
264 13982 2660 420 76
265 13982 2666 440 94
266 13982 2671 440 93
267 13982 2673 440 93
268 13982 2682 440 88
269 13982 2689 440 86
270 13982 2694 440 84
271 13982 2701 440 81
272 13982 2707 440 79
273 13982 2711 440 78
274 13982 2717 440 77
275 13982 2721 440 76
276 13982 2728 440 73
277 13982 2736 460 90
278 13982 2740 460 89
279 13982 2746 460 88
280 13982 2752 460 85
281 13982 2759 460 81
282 13982 2765 460 81
283 13982 2769 460 80
284 13982 2777 460 76
285 13982 2783 460 74
286 13982 2786 460 74
287 13982 2793 460 73
288 13982 2800 460 69
289 13982 2806 480 87
290 13982 2812 480 85
291 13982 2819 480 81
292 13982 2826 480 80
293 13982 2830 480 79
294 13982 2836 480 77
295 13982 2839 480 77
296 13982 2847 480 73
297 13982 2855 480 70
298 13982 2859 480 70
299 13982 2864 480 69
300 13982 2871 480 65
301 13982 2879 500 81
302 13982 2884 500 81
303 13982 2889 500 80
304 13982 2896 500 77
305 13982 2902 500 74
306 13982 2906 500 74
307 13982 2912 500 73
308 13982 2919 500 70
309 13982 2925 500 67
310 13982 2931 500 65
311 13982 2937 500 63
312 13982 2944 500 60
313 13982 2949 520 79
314 13982 2954 520 78
315 13982 2958 520 77
316 13982 2966 520 74
317 13982 2973 520 71
318 13982 2976 520 70
319 13982 2982 520 69
320 13982 2988 520 66
321 13982 2995 520 63
322 13982 3001 520 62
323 13982 3005 520 61
324 13982 3012 520 58
325 13982 3019 540 75
326 13982 3023 540 75
327 13982 3029 540 74
328 13982 3036 540 70
329 13982 3042 540 68
330 13982 3047 540 67
331 13982 3054 540 64
332 13982 3061 540 62
333 13982 3066 540 60
334 13982 3072 540 58
335 13982 3077 540 57
336 13982 3084 540 54
337 13982 3090 560 73
338 13982 3094 560 72
339 13982 3101 560 69
340 13982 3108 560 66
341 13982 3115 560 63
342 13982 3121 560 62
343 13982 3125 560 61
344 13982 3132 560 58
345 13982 3139 560 55
346 13982 3143 560 55
347 13982 3149 560 54
348 13982 3155 560 51
349 13982 3161 580 68
350 13982 3167 580 67
351 13982 3173 580 65
352 13982 3180 580 62
353 13982 3186 580 60
354 13982 3191 580 58
355 13982 3197 580 57
356 13982 3203 580 55
357 13982 3209 580 53
358 13982 3214 580 52
359 13982 3220 580 49
360 13982 3228 580 46
361 13982 3234 600 64
362 13982 3240 600 62
363 13982 3245 600 61
364 13982 3251 600 58
365 13982 3259 600 55
366 13982 3263 600 55
367 13982 3268 600 54
368 13982 3275 600 51
369 13982 3281 600 48
370 13982 3287 600 47
371 13982 3293 600 45
372 13982 3300 600 42
373 13982 3306 620 60
374 13982 3311 620 58
375 13982 3316 620 57
376 13982 3321 620 56
377 13982 3326 620 54
378 13982 3331 620 53
379 13982 3335 620 52
380 13982 3341 620 50
381 13982 3348 620 46
382 13982 3354 620 44
383 13982 3358 620 44
384 13982 3363 620 42
385 13982 3370 640 59
386 13982 3374 640 58
387 13982 3379 640 57
388 13982 3385 640 55
389 13982 3391 640 52
390 13982 3396 640 51
391 13982 3401 640 49
392 13982 3407 640 48
393 13982 3411 640 46
394 13982 3417 640 42
395 13982 3423 640 42
396 13982 3426 640 41
397 13982 3432 660 60
398 13982 3435 660 59
399 13982 3438 660 58
400 13982 3442 660 58
401 13982 3445 660 56
402 13982 3449 660 55
403 13982 3450 660 55
404 13982 3454 660 54
405 13982 3457 660 53
406 13982 3459 660 52
407 13982 3463 660 51
408 13982 3465 660 50
409 13982 3466 680 70
410 13982 3468 680 70
411 13982 3476 680 63
412 13982 3484 680 63
413 13982 3486 680 63
414 13982 3494 680 55
415 13982 3502 680 54
416 13982 3504 680 54
417 13982 3511 680 53
418 13982 3514 680 53
419 13982 3520 680 47
420 13982 3529 680 45
421 13982 3532 700 64
422 13982 3538 700 64
423 13982 3540 700 64
424 13982 3547 700 57
425 13982 3556 700 56
426 13982 3558 700 56
427 13982 3567 700 54
428 13982 3570 700 54
429 13982 3571 700 53
430 13982 3580 700 52
431 13982 3586 700 48
432 13982 3594 700 45
433 13982 3599 720 64
434 13982 3604 720 60
435 13982 3613 720 57
436 13982 3617 720 56
437 13982 3623 720 55
438 13982 3627 720 54
439 13982 3634 720 50
440 13982 3641 720 48
441 13982 3646 720 45
442 13982 3652 720 45
443 13982 3655 720 45
444 13982 3661 720 42
445 13982 3667 740 59
446 13982 3674 740 57
447 13982 3680 740 56
448 13982 3685 740 54
449 13982 3689 740 54
450 13982 3693 740 53
451 13982 3701 740 50
452 13982 3708 740 48
453 13982 3714 740 45
454 13982 3720 740 42
455 13982 3726 740 39
456 13982 3733 740 37
457 13982 3737 760 56
458 13982 3741 760 55
459 13982 3747 760 53
460 13982 3754 760 49
461 13982 3761 760 48
462 13982 3765 760 48
463 13982 3770 760 46
464 13982 3775 760 43
465 13982 3783 760 40
466 13982 3788 760 39
467 13982 3795 760 38
468 13982 3799 760 37
469 13982 3804 780 54
470 13982 3810 780 53
471 13982 3816 780 51
472 13982 3823 780 50
473 13982 3828 780 47
474 13982 3834 780 44
475 13982 3841 780 42
476 13982 3846 780 39
477 13982 3852 780 39
478 13982 3856 780 37
479 13982 3861 780 35
480 13982 3867 780 33
481 13982 3873 800 51
482 13982 3879 800 49
483 13982 3884 800 48
484 13982 3890 800 46
485 13982 3896 800 43
486 13982 3903 800 41
487 13982 3909 800 39
488 13982 3915 800 37
489 13982 3919 800 37
490 13982 3925 800 34
491 13982 3932 800 32
492 13982 3936 800 31
493 13982 3941 820 50
494 13982 3946 820 48
495 13982 3952 820 45
496 13982 3957 820 45
497 13982 3962 820 42
498 13982 3970 820 39
499 13982 3974 820 38
500 13982 3979 820 36
501 13982 3985 820 35
502 13982 3990 820 32
503 13982 3996 820 31
504 13982 4000 820 30
505 13982 4006 840 47
506 13982 4012 840 46
507 13982 4016 840 44
508 13982 4023 840 41
509 13982 4027 840 41
510 13982 4032 840 39
511 13982 4039 840 36
512 13982 4041 840 36
513 13982 4045 840 35
514 13982 4053 840 32
515 13982 4056 840 32
516 13982 4061 840 30
517 13982 4067 860 47
518 13982 4072 860 45
519 13982 4076 860 45
520 13982 4079 860 45
521 13982 4082 860 44
522 13982 4087 860 41
523 13982 4091 860 40
524 13982 4094 860 40
525 13982 4097 860 40
526 13982 4099 860 39
527 13982 4104 860 35
528 13982 4108 860 35
529 13982 4110 880 55
530 13982 4114 880 54
531 13982 4114 880 54
532 13982 4115 880 54
533 13982 4124 880 49
534 13982 4131 880 47
535 13982 4134 880 47
536 13982 4139 880 42
537 13982 4147 880 39
538 13982 4150 880 39
539 13982 4155 880 39
540 13982 4158 880 39
541 13982 4163 900 54
542 13982 4171 900 51
543 13982 4175 900 50
544 13982 4180 900 50
545 13982 4183 900 50
546 13982 4189 900 45
547 13982 4196 900 43
548 13982 4200 900 42
549 13982 4208 900 40
550 13982 4212 900 40
551 13982 4213 900 40
552 13982 4219 900 39
553 13982 4227 920 54
554 13982 4233 920 53
555 13982 4235 920 53
556 13982 4240 920 49
557 13982 4246 920 48
558 13982 4248 920 47
559 13982 4254 920 46
560 13982 4256 920 46
561 13982 4261 920 42
562 13982 4267 920 41
563 13982 4268 920 41
564 13982 4274 920 40
565 13982 4277 940 59
566 13982 4282 940 55
567 13982 4287 940 55
568 13982 4289 940 54
569 13982 4293 940 54
570 13982 4294 940 54
571 13982 4300 940 49
572 13982 4309 940 49
573 13982 4313 940 46
574 13982 4321 940 41
575 13982 4327 940 40
576 13982 4331 940 37
577 13982 4339 960 57
578 13982 4340 960 57
579 13982 4348 960 52
580 13982 4353 960 51
581 13982 4359 960 47
582 13982 4367 960 47
583 13982 4369 960 47
584 13982 4377 960 42
585 13982 4382 960 41
586 13982 4387 960 38
587 13982 4396 960 37
588 13982 4398 960 37
589 13982 4402 980 57
590 13982 4407 980 56
591 13982 4413 980 52
592 13982 4422 980 50
593 13982 4426 980 48
594 13982 4432 980 45
595 13982 4438 980 43
596 13982 4443 980 40
597 13982 4451 980 38
598 13982 4455 980 38
599 13982 4460 980 36
600 13982 4465 980 34
601 13982 4471 1000 50
602 13982 4478 1000 49
603 13982 4482 1000 49
604 13982 4488 1000 46
605 13982 4494 1000 45
606 13982 4499 1000 42
607 13982 4508 1000 38
608 13982 4513 1000 38
609 13982 4516 1000 38
610 13982 4522 1000 37
611 13982 4526 1000 35
612 13982 4533 1000 33
613 13982 4539 1020 51
614 13982 4546 1020 46
615 13982 4554 1020 45
616 13982 4557 1020 43
617 13982 4565 1020 39
618 13982 4569 1020 39
619 13982 4576 1020 36
620 13982 4582 1020 36
621 13982 4585 1020 33
622 13982 4593 1020 31
623 13982 4597 1020 30
624 13982 4603 1020 28
625 13982 4609 1040 46
626 13982 4614 1040 44
627 13982 4621 1040 42
628 13982 4627 1040 39
629 13982 4632 1040 39
630 13982 4637 1040 38
631 13982 4643 1040 35
632 13982 4648 1040 35
633 13982 4655 1040 31
634 13982 4663 1040 28
635 13982 4666 1040 28
636 13982 4671 1040 26
637 13982 4679 1060 42
638 13982 4684 1060 41
639 13982 4690 1060 39
640 13982 4696 1060 36
641 13982 4703 1060 34
642 13982 4708 1060 33
643 13982 4713 1060 31
644 13982 4718 1060 29
645 13982 4725 1060 26
646 13982 4729 1060 25
647 13982 4736 1060 24
648 13982 4741 1060 23
649 13982 4745 1080 41
650 13982 4752 1080 38
651 13982 4758 1080 36
652 13982 4762 1080 36
653 13982 4768 1080 35
654 13982 4773 1080 32
655 13982 4777 1080 31
656 13982 4783 1080 29
657 13982 4791 1080 25
658 13982 4796 1080 25
659 13982 4800 1080 23
660 13982 4804 1080 22
661 13982 4809 1100 39
662 13982 4817 1100 36
663 13982 4821 1100 36
664 13982 4826 1100 34
665 13982 4833 1100 32
666 13982 4837 1100 30
667 13982 4843 1100 28
668 13982 4848 1100 27
669 13982 4852 1100 26
670 13982 4858 1100 24
671 13982 4862 1100 22
672 13982 4866 1100 21
673 13982 4871 1120 41
674 13982 4874 1120 40
675 13982 4877 1120 39
676 13982 4879 1120 39
677 13982 4883 1120 38
678 13982 4885 1120 38
679 13982 4886 1120 37
680 13982 4889 1120 36
681 13982 4891 1120 36
682 13982 4893 1120 35
683 13982 4895 1120 34
684 13982 4897 1120 33
685 13982 4899 1140 53
686 13982 4906 1140 47
687 13982 4913 1140 46
688 13982 4916 1140 46
689 13982 4921 1140 41
690 13982 4928 1140 40
691 13982 4929 1140 40
692 13982 4935 1140 39
693 13982 4938 1140 38
694 13982 4944 1140 33
695 13982 4951 1140 32
696 13982 4953 1140 32
697 13982 4959 1160 51
698 13982 4963 1160 49
699 13982 4970 1160 44
700 13982 4977 1160 43
701 13982 4980 1160 42
702 13982 4985 1160 42
703 13982 4987 1160 42
704 13982 4991 1160 40
705 13982 4999 1160 39
706 13982 5005 1160 36
707 13982 5012 1160 32
708 13982 5018 1160 30
709 13982 5023 1180 47
710 13982 5030 1180 45
711 13982 5034 1180 45
712 13982 5039 1180 43
713 13982 5044 1180 41
714 13982 5050 1180 38
715 13982 5057 1180 36
716 13982 5062 1180 35
717 13982 5068 1180 32
718 13982 5073 1180 31
719 13982 5078 1180 29
720 13982 5085 1180 27
721 13982 5090 1200 45
722 13982 5095 1200 45
723 13982 5099 1200 45
724 13982 5104 1200 42
725 13982 5111 1200 40
726 13982 5116 1200 39
727 13982 5124 1200 35
728 13982 5129 1200 33
729 13982 5135 1200 30
730 13982 5142 1200 27
731 13982 5148 1200 26
732 13982 5153 1200 25
733 13982 5159 1220 42
734 13982 5164 1220 40
735 13982 5170 1220 38
736 13982 5176 1220 37
737 13982 5180 1220 36
738 13982 5185 1220 34
739 13982 5191 1220 32
740 13982 5197 1220 30
741 13982 5204 1220 27
742 13982 5209 1220 26
743 13982 5213 1220 26
744 13982 5218 1220 25
745 13982 5225 1240 41
746 13982 5231 1240 40
747 13982 5236 1240 38
748 13982 5243 1240 34
749 13982 5249 1240 32
750 13982 5254 1240 31
751 13982 5260 1240 29
752 13982 5266 1240 27
753 13982 5271 1240 25
754 13982 5276 1240 24
755 13982 5280 1240 23
756 13982 5284 1240 22
757 13982 5290 1260 38
758 13982 5297 1260 36
759 13982 5302 1260 35
760 13982 5308 1260 34
761 13982 5314 1260 31
762 13982 5321 1260 27
763 13982 5326 1260 27
764 13982 5331 1260 26
765 13982 5339 1260 23
766 13982 5342 1260 23
767 13982 5346 1260 22
768 13982 5352 1260 21
769 13982 5358 1280 35
770 13982 5366 1280 34
771 13982 5369 1280 34
772 13982 5375 1280 31
773 13982 5382 1280 29
774 13982 5387 1280 26
775 13982 5394 1280 26
776 13982 5397 1280 26
777 13982 5408 1280 24
778 13982 5414 1280 22
779 13982 5425 1280 21
780 13982 5431 1280 20
781 13982 5443 1300 40
782 13982 5447 1300 38
783 13982 5457 1300 36
784 13982 5460 1300 36
785 13982 5466 1300 36
786 13982 5476 1300 36
787 13982 5481 1300 36
788 13982 5488 1300 36
789 13982 5491 1300 36
790 13982 5511 1300 36
791 13982 5513 1300 36
792 13982 5529 1300 36
793 13982 5531 1320 56
794 13982 5539 1320 56
795 13982 5545 1320 56
796 13982 5555 1320 56
797 13982 5563 1320 56
798 13982 5575 1320 56
799 13982 5579 1320 56
800 13982 5588 1320 56
801 13982 5591 1320 56
802 13982 5598 1320 56
803 13982 5606 1320 56
804 13982 5622 1320 56
805 13982 5630 1340 76
806 13982 5641 1340 76
807 13982 5646 1340 76
808 13982 5649 1340 76
809 13982 5653 1340 76
810 13982 5654 1340 76
811 13982 5657 1340 76
812 13982 5658 1340 76
813 13982 5662 1340 76
814 13982 5663 1340 76
815 13982 5666 1340 76
816 13982 5669 1340 76
817 13982 5671 1360 96
818 13982 5672 1360 96
819 13982 5681 1360 96
820 13982 5683 1360 96
821 13982 5684 1360 96
822 13982 5692 1360 96
823 13982 5695 1360 96
824 13982 5703 1360 96
825 13982 5706 1360 96
826 13982 5714 1360 96
827 13982 5716 1360 96
828 13982 5725 1360 96
829 13982 5727 1380 116
830 13982 5727 1380 116
831 13982 5733 1380 116
832 13982 5734 1380 116
833 13982 5735 1380 116
834 13982 5739 1380 116
835 13982 5742 1380 116
836 13982 5746 1380 116
837 13982 5749 1380 116
838 13982 5757 1380 116
839 13982 5759 1380 116
840 13982 5763 1380 116
841 13982 5769 1400 136
842 13982 5774 1400 136
843 13982 5779 1400 136
844 13982 5781 1400 136
845 13982 5789 1400 136
846 13982 5790 1400 136
847 13982 5799 1400 136
848 13982 5800 1400 136
849 13982 5806 1400 136
850 13982 5810 1400 136
851 13982 5816 1400 136
852 13982 5817 1400 136
853 13982 5826 1420 156
854 13982 5829 1420 156
855 13982 5832 1420 156
856 13982 5836 1420 156
857 13982 5840 1420 156
858 13982 5845 1420 156
859 13982 5849 1420 156
860 13982 5861 1420 156
861 13982 5864 1420 156
862 13982 5868 1420 156
863 13982 5879 1420 156
864 13982 5883 1420 156
865 13982 5890 1440 176
866 13982 5894 1440 176
867 13982 5903 1440 176
868 13982 5909 1440 176
869 13982 5917 1440 176
870 13982 5923 1440 176
871 13982 5925 1440 176
872 13982 5933 1440 176
873 13982 5935 1440 176
874 13982 5938 1440 176
875 13982 5943 1440 176
876 13982 5944 1440 176
877 13982 5950 1460 196
878 13982 5952 1460 196
879 13982 5955 1460 196
880 13982 5960 1460 196
881 13982 5963 1460 196
882 13982 5967 1460 196
883 13982 5967 1460 196
884 13982 5971 1460 196
885 13982 5972 1460 196
886 13982 5975 1460 196
887 13982 5988 1460 196
888 13982 5989 1460 196
889 13982 5990 1480 216
890 13982 6004 1480 216
891 13982 6004 1480 216
892 13982 6017 1480 216
893 13982 6017 1480 216
894 13982 6032 1480 216
895 13982 6032 1480 216
896 13982 6046 1480 216
897 13982 6047 1480 216
898 13982 6050 1480 216
899 13982 6056 1480 216
900 13982 6058 1480 216
901 13982 6058 1500 236
902 13982 6064 1500 236
903 13982 6065 1500 236
904 13982 6071 1500 236
905 13982 6072 1500 236
906 13982 6078 1500 236
907 13982 6079 1500 236
908 13982 6084 1500 236
909 13982 6086 1500 236
910 13982 6094 1500 236
911 13982 6097 1500 236
912 13982 6098 1500 236
913 13982 6107 1520 256
914 13982 6109 1520 256
915 13982 6117 1520 256
916 13982 6120 1520 256
917 13982 6128 1520 256
918 13982 6132 1520 256
919 13982 6140 1520 256
920 13982 6143 1520 256
921 13982 6146 1520 256
922 13982 6154 1520 256
923 13982 6156 1520 256
924 13982 6157 1520 256
925 13982 6165 1540 276
926 13982 6166 1540 276
927 13982 6174 1540 276
928 13982 6175 1540 276
929 13982 6183 1540 276
930 13982 6184 1540 276
931 13982 6192 1540 276
932 13982 6193 1540 276
933 13982 6195 1540 276
934 13982 6198 1540 276
935 13982 6198 1540 276
936 13982 6199 1540 276
937 13982 6201 1560 296
938 13982 6202 1560 296
939 13982 6204 1560 296
940 13982 6205 1560 296
941 13982 6216 1560 296
942 13982 6216 1560 296
943 13982 6219 1560 296
944 13982 6227 1560 296
945 13982 6227 1560 296
946 13982 6237 1560 296
947 13982 6237 1560 296
948 13982 6245 1560 296
949 13982 6247 1580 316
950 13982 6255 1580 316
951 13982 6258 1580 316
952 13982 6260 1580 316
953 13982 6274 1580 316
954 13982 6284 1580 316
955 13982 6286 1580 316
956 13982 6303 1580 316
957 13982 6324 1580 316
958 13982 6326 1580 316
959 13982 6337 1580 316
960 13982 6353 1580 316
961 13982 6359 1600 336
962 13982 6378 1600 336
963 13982 6385 1600 336
964 13982 6391 1600 336
965 13982 6410 1600 336
966 13982 6435 1600 336
967 13982 6440 1600 336
968 13982 6448 1600 336
969 13982 6462 1600 336
970 13982 6467 1600 336
971 13982 6489 1600 336
972 13982 6509 1600 336
973 13982 6523 1620 356
974 13982 6544 1620 355
975 13982 6554 1620 355
976 13982 6565 1620 355
977 13982 6574 1620 354
978 13982 6583 1620 353
979 13982 6592 1620 348
980 13982 6600 1620 347
981 13982 6606 1620 346
982 13982 6614 1620 340
983 13982 6621 1620 339
984 13982 6624 1620 338
985 13982 6629 1640 357
986 13982 6631 1640 356
987 13982 6639 1640 352
988 13982 6645 1640 351
989 13982 6650 1640 349
990 13982 6657 1640 348
991 13982 6660 1640 346
992 13982 6667 1640 342
993 13982 6672 1640 342
994 13982 6678 1640 339
995 13982 6685 1640 339
996 13982 6687 1640 338
997 13982 6693 1660 356
998 13982 6699 1660 355
999 13982 6702 1660 354
1000 13982 6707 1660 354
1001 13982 6712 1660 350
1002 13982 6719 1660 348
1003 13982 6723 1660 347
1004 13982 6729 1660 342
1005 13982 6736 1660 342
1006 13982 6738 1660 341
1007 13982 6746 1660 338
1008 13982 6749 1660 338
1009 13982 6754 1680 354
1010 13982 6762 1680 353
1011 13982 6764 1680 352
1012 13982 6771 1680 350
1013 13982 6775 1680 349
1014 13982 6781 1680 345
1015 13982 6787 1680 345
1016 13982 6789 1680 344
1017 13982 6795 1680 343
1018 13982 6798 1680 342
1019 13982 6800 1680 342
1020 13982 6805 1680 342
1021 13982 6807 1700 361
1022 13982 6809 1700 360
1023 13982 6812 1700 359
1024 13982 6814 1700 359
1025 13982 6815 1700 358
1026 13982 6818 1700 357
1027 13982 6819 1700 357
1028 13982 6826 1700 350
1029 13982 6835 1700 350
1030 13982 6835 1700 350
1031 13982 6842 1700 344
1032 13982 6848 1700 344
1033 13982 6850 1720 363
1034 13982 6857 1720 363
1035 13982 6858 1720 362
1036 13982 6866 1720 356
1037 13982 6872 1720 356
1038 13982 6873 1720 355
1039 13982 6882 1720 354
1040 13982 6883 1720 354
1041 13982 6891 1720 347
1042 13982 6899 1720 346
1043 13982 6899 1720 346
1044 13982 6907 1720 346
1045 13982 6910 1740 364
1046 13982 6912 1740 364
1047 13982 6920 1740 364
1048 13982 6926 1740 358
1049 13982 6934 1740 355
1050 13982 6938 1740 355
1051 13982 6943 1740 352
1052 13982 6950 1740 349
1053 13982 6955 1740 347
1054 13982 6961 1740 346
1055 13982 6966 1740 345
1056 13982 6972 1740 342
1057 13982 6979 1760 359
1058 13982 6985 1760 356
1059 13982 6990 1760 356
1060 13982 6994 1760 356
1061 13982 7001 1760 352
1062 13982 7007 1760 349
1063 13982 7012 1760 349
1064 13982 7017 1760 349
1065 13982 7023 1760 346
1066 13982 7027 1760 345
1067 13982 7031 1760 345
1068 13982 7039 1760 342
1069 13982 7046 1780 358
1070 13982 7050 1780 356
1071 13982 7058 1780 353
1072 13982 7063 1780 351
1073 13982 7070 1780 349
1074 13982 7075 1780 348
1075 13982 7078 1780 346
1076 13982 7086 1780 344
1077 13982 7091 1780 342
1078 13982 7098 1780 339
1079 13982 7104 1780 339
1080 13982 7107 1780 337
1081 13982 7114 1800 354
1082 13982 7121 1800 352
1083 13982 7125 1800 351
1084 13982 7132 1800 350
1085 13982 7135 1800 349
1086 13982 7139 1800 347
1087 13982 7147 1800 345
1088 13982 7152 1800 343
1089 13982 7159 1800 342
1090 13982 7163 1800 340
1091 13982 7171 1800 334
1092 13982 7179 1800 333
1093 13982 7183 1820 352
1094 13982 7190 1820 350
1095 13982 7195 1820 348
1096 13982 7200 1820 345
1097 13982 7207 1820 343
1098 13982 7213 1820 342
1099 13982 7218 1820 340
1100 13982 7225 1820 338
1101 13982 7229 1820 336
1102 13982 7236 1820 333
1103 13982 7243 1820 332
1104 13982 7247 1820 330
1105 13982 7253 1840 350
1106 13982 7256 1840 349
1107 13982 7264 1840 345
1108 13982 7270 1840 345
1109 13982 7274 1840 342
1110 13982 7282 1840 340
1111 13982 7288 1840 338
1112 13982 7293 1840 335
1113 13982 7300 1840 334
1114 13982 7306 1840 333
1115 13982 7312 1840 331
1116 13982 7317 1840 330
1117 13982 7323 1860 348
1118 13982 7329 1860 347
1119 13982 7337 1860 346
1120 13982 7342 1860 344
1121 13982 7345 1860 344
1122 13982 7352 1860 342
1123 13982 7360 1860 341
1124 13982 7364 1860 340
1125 13982 7369 1860 340
1126 13982 7373 1860 340
1127 13982 7382 1860 340
1128 13982 7385 1860 340
1129 13982 7390 1880 360
1130 13982 7400 1880 360
1131 13982 7405 1880 360
1132 13982 7415 1880 360
1133 13982 7420 1880 360
1134 13982 7428 1880 360
1135 13982 7433 1880 360
1136 13982 7439 1880 360
1137 13982 7444 1880 360
1138 13982 7453 1880 360
1139 13982 7457 1880 360
1140 13982 7466 1880 360
1141 13982 7469 1900 380
1142 13982 7476 1900 380
1143 13982 7480 1900 380
1144 13982 7485 1900 380
1145 13982 7485 1900 380
1146 13982 7488 1900 380
1147 13982 7490 1900 380
1148 13982 7493 1900 380
1149 13982 7510 1900 380
1150 13982 7512 1900 380
1151 13982 7513 1900 380
1152 13982 7525 1900 380
1153 13982 7529 1920 400
1154 13982 7544 1920 400
1155 13982 7545 1920 400
1156 13982 7550 1920 400
1157 13982 7559 1920 400
1158 13982 7562 1920 400
1159 13982 7569 1920 400
1160 13982 7574 1920 400
1161 13982 7575 1920 400
1162 13982 7585 1920 400
1163 13982 7592 1920 400
1164 13982 7599 1920 400
1165 13982 7601 1940 420
1166 13982 7608 1940 420
1167 13982 7613 1940 420
1168 13982 7623 1940 420
1169 13982 7623 1940 420
1170 13982 7633 1940 420
1171 13982 7642 1940 420
1172 13982 7647 1940 420
1173 13982 7651 1940 420
1174 13982 7656 1940 420
1175 13982 7659 1940 420
1176 13982 7667 1940 420
1177 13982 7667 1960 440
1178 13982 7678 1960 440
1179 13982 7682 1960 440
1180 13982 7690 1960 440
1181 13982 7693 1960 440
1182 13982 7698 1960 440
1183 13982 7701 1960 440
1184 13982 7707 1960 440
1185 13982 7709 1960 440
1186 13982 7714 1960 440
1187 13982 7721 1960 440
1188 13982 7726 1960 440
1189 13982 7729 1980 460
1190 13982 7752 1980 460
1191 13982 7753 1980 460
1192 13982 7762 1980 460
1193 13982 7763 1980 460
1194 13982 7767 1980 460
1195 13982 7768 1980 460
1196 13982 7771 1980 460
1197 13982 7772 1980 460
1198 13982 7801 1980 460
1199 13982 7801 1980 460
1200 13982 7824 1980 460
1201 13982 7825 2000 480
1202 13982 7845 2000 480
1203 13982 7846 2000 480
1204 13982 7863 2000 480
1205 13982 7865 2000 480
1206 13982 7877 2000 480
1207 13982 7879 2000 480
1208 13982 7891 2000 480
1209 13982 7892 2000 480
1210 13982 7907 2000 480
1211 13982 7909 2000 480
1212 13982 7924 2000 480
1213 13982 7925 2020 500
1214 13982 7930 2020 500
1215 13982 7935 2020 500
1216 13982 7940 2020 500
1217 13982 7953 2020 500
1218 13982 7967 2020 500
1219 13982 7977 2020 500
1220 13982 7981 2020 500
1221 13982 7987 2020 500
1222 13982 8001 2020 500
1223 13982 8012 2020 500
1224 13982 8018 2020 500
1225 13982 8022 2040 520
1226 13982 8028 2040 520
1227 13982 8030 2040 520
1228 13982 8037 2040 520
1229 13982 8038 2040 520
1230 13982 8039 2040 520
1231 13982 8040 2040 520
1232 13982 8041 2040 520
1233 13982 8043 2040 520
1234 13982 8044 2040 520
1235 13982 8045 2040 520
1236 13982 8046 2040 520
1237 13982 8047 2060 540
1238 13982 8049 2060 540
1239 13982 8050 2060 540
1240 13982 8051 2060 540
1241 13982 8052 2060 540
1242 13982 8052 2060 540
1243 13982 8054 2060 540
1244 13982 8079 2060 540
1245 13982 8105 2060 540
1246 13982 8106 2060 540
1247 13982 8107 2060 540
1248 13982 8120 2060 540
1249 13982 8120 2080 560
1250 13982 8143 2080 560
1251 13982 8150 2080 560
1252 13982 8170 2080 560
1253 13982 8176 2080 560
1254 13982 8185 2080 560
1255 13982 8205 2080 560
1256 13982 8216 2080 560
1257 13982 8231 2080 560
1258 13982 8238 2080 560
1259 13982 8259 2080 560
1260 13982 8267 2080 560
1261 13982 8284 2100 580
1262 13982 8293 2100 580
1263 13982 8299 2100 580
1264 13982 8320 2100 580
1265 13982 8328 2100 580
1266 13982 8342 2100 580
1267 13982 8359 2100 580
1268 13982 8374 2100 580
1269 13982 8380 2100 580
1270 13982 8395 2100 580
1271 13982 8402 2100 580
1272 13982 8419 2100 580
1273 13982 8445 2120 600
1274 13982 8454 2120 600
1275 13982 8468 2120 600
1276 13982 8484 2120 600
1277 13982 8492 2120 600
1278 13982 8507 2120 600
1279 13982 8512 2120 600
1280 13982 8519 2120 600
1281 13982 8529 2120 595
1282 13982 8535 2120 595
1283 13982 8537 2120 595
1284 13982 8545 2120 589
1285 13982 8552 2140 609
1286 13982 8556 2140 606
1287 13982 8563 2140 604
1288 13982 8566 2140 603
1289 13982 8571 2140 601
1290 13982 8576 2140 601
1291 13982 8580 2140 597
1292 13982 8589 2140 595
1293 13982 8591 2140 595
1294 13982 8596 2140 593
1295 13982 8600 2140 592
1296 13982 8605 2140 589
1297 13982 8612 2160 608
1298 13982 8615 2160 607
1299 13982 8620 2160 606
1300 13982 8625 2160 605
1301 13982 8628 2160 604
1302 13982 8633 2160 604
1303 13982 8638 2160 601
1304 13982 8645 2160 597
1305 13982 8648 2160 597
1306 13982 8653 2160 595
1307 13982 8659 2160 593
1308 13982 8663 2160 591
1309 13982 8670 2180 608
1310 13982 8676 2180 606
1311 13982 8681 2180 605
1312 13982 8686 2180 604
1313 13982 8691 2180 601
1314 13982 8698 2180 598
1315 13982 8703 2180 597
1316 13982 8707 2180 596
1317 13982 8712 2180 595
1318 13982 8717 2180 593
1319 13982 8723 2180 590
1320 13982 8730 2180 588
1321 13982 8734 2200 608
1322 13982 8738 2200 607
1323 13982 8742 2200 606
1324 13982 8744 2200 606
1325 13982 8750 2200 603
1326 13982 8756 2200 603
1327 13982 8761 2200 599
1328 13982 8768 2200 596
1329 13982 8773 2200 595
1330 13982 8778 2200 591
1331 13982 8785 2200 591
1332 13982 8786 2200 591
1333 13982 8793 2220 608
1334 13982 8797 2220 607
1335 13982 8803 2220 602
1336 13982 8811 2220 602
1337 13982 8812 2220 602
1338 13982 8820 2220 597
1339 13982 8824 2220 597
1340 13982 8828 2220 594
1341 13982 8837 2220 592
1342 13982 8839 2220 592
1343 13982 8843 2220 592
1344 13982 8849 2220 591
1345 13982 8854 2240 607
1346 13982 8862 2240 606
1347 13982 8864 2240 606
1348 13982 8869 2240 602
1349 13982 8875 2240 601
1350 13982 8877 2240 600
1351 13982 8883 2240 599
1352 13982 8885 2240 599
1353 13982 8890 2240 595
1354 13982 8896 2240 594
1355 13982 8897 2240 594
1356 13982 8903 2240 593
1357 13982 8905 2260 613
1358 13982 8909 2260 609
1359 13982 8915 2260 608
1360 13982 8917 2260 608
1361 13982 8922 2260 607
1362 13982 8924 2260 606
1363 13982 8924 2260 606
1364 13982 8929 2260 606
1365 13982 8937 2260 599
1366 13982 8945 2260 598
1367 13982 8948 2260 598
1368 13982 8955 2260 591
1369 13982 8963 2280 609
1370 13982 8966 2280 609
1371 13982 8972 2280 609
1372 13982 8975 2280 609
1373 13982 8981 2280 603
1374 13982 8990 2280 600
1375 13982 8994 2280 599
1376 13982 9001 2280 599
1377 13982 9004 2280 599
1378 13982 9011 2280 592
1379 13982 9019 2280 590
1380 13982 9022 2280 590
1381 13982 9030 2300 609
1382 13982 9033 2300 609
1383 13982 9034 2300 609
1384 13982 9040 2300 608
1385 13982 9048 2300 604
1386 13982 9056 2300 600
1387 13982 9060 2300 600
1388 13982 9064 2300 597
1389 13982 9072 2300 593
1390 13982 9077 2300 592
1391 13982 9082 2300 591
1392 13982 9088 2300 590
1393 13982 9093 2320 607
1394 13982 9101 2320 603
1395 13982 9106 2320 602
1396 13982 9111 2320 601
1397 13982 9117 2320 601
1398 13982 9121 2320 597
1399 13982 9130 2320 594
1400 13982 9134 2320 594
1401 13982 9141 2320 590
1402 13982 9148 2320 590
1403 13982 9148 2320 590
1404 13982 9155 2320 589
1405 13982 9162 2340 606
1406 13982 9168 2340 603
1407 13982 9173 2340 603
1408 13982 9179 2340 597
1409 13982 9189 2340 595
1410 13982 9191 2340 595
1411 13982 9198 2340 591
1412 13982 9203 2340 591
1413 13982 9209 2340 587
1414 13982 9216 2340 586
1415 13982 9218 2340 585
1416 13982 9226 2340 583
1417 13982 9230 2360 603
1418 13982 9237 2360 597
1419 13982 9246 2360 596
1420 13982 9247 2360 596
1421 13982 9256 2360 593
1422 13982 9261 2360 592
1423 13982 9264 2360 590
1424 13982 9271 2360 590
1425 13982 9274 2360 589
1426 13982 9281 2360 585
1427 13982 9288 2360 584
1428 13982 9292 2360 582
1429 13982 9299 2380 598
1430 13982 9307 2380 595
1431 13982 9312 2380 594
1432 13982 9318 2380 592
1433 13982 9323 2380 591
1434 13982 9328 2380 588
1435 13982 9336 2380 586
1436 13982 9339 2380 585
1437 13982 9347 2380 583
1438 13982 9352 2380 582
1439 13982 9357 2380 577
1440 13982 9365 2380 576
1441 13982 9368 2400 596
1442 13982 9376 2400 592
1443 13982 9382 2400 592
1444 13982 9383 2400 591
1445 13982 9392 2400 589
1446 13982 9397 2400 587
1447 13982 9402 2400 585
1448 13982 9408 2400 585
1449 13982 9412 2400 581
1450 13982 9421 2400 578
1451 13982 9425 2400 577
1452 13982 9431 2400 574
1453 13982 9437 2420 594
1454 13982 9440 2420 591
1455 13982 9447 2420 589
1456 13982 9450 2420 589
1457 13982 9456 2420 586
1458 13982 9463 2420 585
1459 13982 9467 2420 583
1460 13982 9473 2420 581
1461 13982 9477 2420 580
1462 13982 9483 2420 577
1463 13982 9489 2420 576
1464 13982 9491 2420 576
1465 13982 9497 2440 594
1466 13982 9502 2440 593
1467 13982 9503 2440 593
1468 13982 9508 2440 592
1469 13982 9510 2440 592
1470 13982 9512 2440 590
1471 13982 9515 2440 590
1472 13982 9516 2440 590
1473 13982 9519 2440 589
1474 13982 9521 2440 588
1475 13982 9523 2440 587
1476 13982 9526 2440 587
1477 13982 9527 2460 606
1478 13982 9529 2460 605
1479 13982 9531 2460 605
1480 13982 9538 2460 599
1481 13982 9544 2460 598
1482 13982 9547 2460 598
1483 13982 9552 2460 594
1484 13982 9558 2460 593
1485 13982 9560 2460 592
1486 13982 9566 2460 591
1487 13982 9569 2460 590
1488 13982 9575 2460 586
1489 13982 9581 2480 605
1490 13982 9583 2480 604
1491 13982 9590 2480 603
1492 13982 9593 2480 601
1493 13982 9601 2480 597
1494 13982 9606 2480 597
1495 13982 9610 2480 594
1496 13982 9616 2480 594
1497 13982 9617 2480 594
1498 13982 9623 2480 592
1499 13982 9630 2480 591
1500 13982 9632 2480 591
1501 13982 9636 2500 609
1502 13982 9642 2500 605
1503 13982 9649 2500 602
1504 13982 9654 2500 602
1505 13982 9658 2500 600
1506 13982 9665 2500 595
1507 13982 9671 2500 593
1508 13982 9677 2500 592
1509 13982 9682 2500 592
1510 13982 9687 2500 590
1511 13982 9694 2500 585
1512 13982 9700 2500 583
1513 13982 9705 2520 603
1514 13982 9711 2520 602
1515 13982 9716 2520 600
1516 13982 9721 2520 598
1517 13982 9727 2520 596
1518 13982 9734 2520 594
1519 13982 9740 2520 592
1520 13982 9744 2520 592
1521 13982 9748 2520 591
1522 13982 9755 2520 587
1523 13982 9762 2520 584
1524 13982 9769 2520 582
1525 13982 9774 2540 601
1526 13982 9780 2540 598
1527 13982 9787 2540 594
1528 13982 9791 2540 593
1529 13982 9796 2540 593
1530 13982 9802 2540 591
1531 13982 9808 2540 589
1532 13982 9812 2540 587
1533 13982 9819 2540 585
1534 13982 9825 2540 582
1535 13982 9832 2540 581
1536 13982 9835 2540 581
1537 13982 9841 2560 598
1538 13982 9846 2560 597
1539 13982 9850 2560 595
1540 13982 9858 2560 592
1541 13982 9863 2560 592
1542 13982 9867 2560 591
1543 13982 9874 2560 587
1544 13982 9881 2560 584
1545 13982 9887 2560 583
1546 13982 9894 2560 581
1547 13982 9898 2560 579
1548 13982 9904 2560 577
1549 13982 9910 2580 594
1550 13982 9918 2580 591
1551 13982 9923 2580 591
1552 13982 9928 2580 589
1553 13982 9934 2580 586
1554 13982 9939 2580 584
1555 13982 9945 2580 583
1556 13982 9951 2580 581
1557 13982 9957 2580 579
1558 13982 9961 2580 579
1559 13982 9966 2580 577
1560 13982 9975 2580 573
1561 13982 9980 2600 592
1562 13982 9984 2600 592
1563 13982 9991 2600 589
1564 13982 9998 2600 585
1565 13982 10004 2600 584
1566 13982 10009 2600 583
1567 13982 10016 2600 581
1568 13982 10020 2600 579
1569 13982 10026 2600 577
1570 13982 10031 2600 577
1571 13982 10036 2600 576
1572 13982 10042 2600 575
1573 13982 10046 2620 592
1574 13982 10052 2620 591
1575 13982 10057 2620 591
1576 13982 10064 2620 590
1577 13982 10069 2620 589
1578 13982 10071 2620 588
1579 13982 10080 2620 588
1580 13982 10084 2620 588
1581 13982 10090 2620 588
1582 13982 10093 2620 588
1583 13982 10100 2620 588
1584 13982 10104 2620 588
1585 13982 10111 2640 608
1586 13982 10116 2640 608
1587 13982 10119 2640 608
1588 13982 10128 2640 608
1589 13982 10133 2640 608
1590 13982 10139 2640 608
1591 13982 10142 2640 608
1592 13982 10150 2640 608
1593 13982 10153 2640 608
1594 13982 10158 2640 608
1595 13982 10163 2640 608
1596 13982 10166 2640 608
1597 13982 10172 2660 628
1598 13982 10176 2660 628
1599 13982 10179 2660 628
1600 13982 10182 2660 628
1601 13982 10185 2660 628
1602 13982 10188 2660 628
1603 13982 10189 2660 628
1604 13982 10197 2660 628
1605 13982 10198 2660 628
1606 13982 10199 2660 628
1607 13982 10205 2660 628
1608 13982 10206 2660 628
1609 13982 10211 2680 648
1610 13982 10212 2680 648
1611 13982 10218 2680 648
1612 13982 10219 2680 648
1613 13982 10225 2680 648
1614 13982 10237 2680 648
1615 13982 10238 2680 648
1616 13982 10239 2680 648
1617 13982 10250 2680 648
1618 13982 10251 2680 648
1619 13982 10259 2680 648
1620 13982 10259 2680 648
1621 13982 10271 2700 668
1622 13982 10271 2700 668
1623 13982 10282 2700 668
1624 13982 10282 2700 668
1625 13982 10288 2700 668
1626 13982 10292 2700 668
1627 13982 10296 2700 668
1628 13982 10298 2700 668
1629 13982 10304 2700 668
1630 13982 10305 2700 668
1631 13982 10311 2700 668
1632 13982 10314 2700 668
1633 13982 10320 2720 688
1634 13982 10322 2720 688
1635 13982 10329 2720 688
1636 13982 10331 2720 688
1637 13982 10334 2720 688
1638 13982 10347 2720 688
1639 13982 10348 2720 688
1640 13982 10350 2720 688
1641 13982 10363 2720 688
1642 13982 10363 2720 688
1643 13982 10374 2720 688
1644 13982 10376 2720 688
1645 13982 10387 2740 708
1646 13982 10388 2740 708
1647 13982 10399 2740 708
1648 13982 10400 2740 708
1649 13982 10403 2740 708
1650 13982 10406 2740 708
1651 13982 10407 2740 708
1652 13982 10410 2740 708
1653 13982 10413 2740 708
1654 13982 10418 2740 708
1655 13982 10422 2740 708
1656 13982 10423 2740 708
1657 13982 10430 2760 728
1658 13982 10431 2760 728
1659 13982 10438 2760 728
1660 13982 10446 2760 728
1661 13982 10452 2760 728
1662 13982 10453 2760 728
1663 13982 10463 2760 728
1664 13982 10465 2760 728
1665 13982 10473 2760 728
1666 13982 10475 2760 728
1667 13982 10484 2760 728
1668 13982 10484 2760 728
1669 13982 10497 2780 748
1670 13982 10497 2780 748
1671 13982 10503 2780 748
1672 13982 10510 2780 748
1673 13982 10514 2780 748
1674 13982 10515 2780 748
1675 13982 10525 2780 748
1676 13982 10527 2780 748
1677 13982 10532 2780 748
1678 13982 10533 2780 748
1679 13982 10541 2780 748
1680 13982 10541 2780 748
1681 13982 10552 2800 768
1682 13982 10554 2800 768
1683 13982 10561 2800 768
1684 13982 10566 2800 768
1685 13982 10572 2800 768
1686 13982 10575 2800 768
1687 13982 10584 2800 768
1688 13982 10587 2800 768
1689 13982 10597 2800 768
1690 13982 10597 2800 768
1691 13982 10609 2800 768
1692 13982 10609 2800 768
1693 13982 10620 2820 788
1694 13982 10622 2820 788
1695 13982 10628 2820 788
1696 13982 10631 2820 788
1697 13982 10637 2820 788
1698 13982 10638 2820 788
1699 13982 10644 2820 788
1700 13982 10645 2820 788
1701 13982 10651 2820 788
1702 13982 10652 2820 788
1703 13982 10658 2820 788
1704 13982 10659 2820 788
1705 13982 10663 2840 808
1706 13982 10667 2840 808
1707 13982 10668 2840 808
1708 13982 10701 2840 808
1709 13982 10704 2840 808
1710 13982 10724 2840 808
1711 13982 10729 2840 808
1712 13982 10740 2840 808
1713 13982 10743 2840 808
1714 13982 10747 2840 808
1715 13982 10749 2840 808
1716 13982 10752 2840 808
1717 13982 10754 2860 828
1718 13982 10756 2860 828
1719 13982 10760 2860 828
1720 13982 10761 2860 828
1721 13982 10778 2860 828
1722 13982 10779 2860 828
1723 13982 10783 2860 828
1724 13982 10794 2860 828
1725 13982 10794 2860 828
1726 13982 10810 2860 828
1727 13982 10810 2860 828
1728 13982 10814 2860 828
1729 13982 10825 2880 848
1730 13982 10826 2880 848
1731 13982 10833 2880 848
1732 13982 10841 2880 848
1733 13982 10841 2880 848
1734 13982 10852 2880 848
1735 13982 10855 2880 848
1736 13982 10861 2880 848
1737 13982 10866 2880 848
1738 13982 10869 2880 848
1739 13982 10871 2880 848
1740 13982 10874 2880 848
1741 13982 10876 2900 868
1742 13982 10880 2900 868
1743 13982 10892 2900 868
1744 13982 10896 2900 868
1745 13982 10901 2900 868
1746 13982 10911 2900 868
1747 13982 10916 2900 868
1748 13982 10933 2900 868
1749 13982 10934 2900 868
1750 13982 10944 2900 868
1751 13982 10954 2900 868
1752 13982 10958 2900 868
1753 13982 10961 2920 888
1754 13982 10970 2920 888
1755 13982 10972 2920 888
1756 13982 10984 2920 888
1757 13982 10985 2920 888
1758 13982 10990 2920 888
1759 13982 10993 2920 888
1760 13982 10996 2920 888
1761 13982 10998 2920 888
1762 13982 11002 2920 888
1763 13982 11003 2920 888
1764 13982 11007 2920 888
1765 13982 11014 2940 908
1766 13982 11017 2940 908
1767 13982 11018 2940 908
1768 13982 11025 2940 908
1769 13982 11026 2940 908
1770 13982 11033 2940 908
1771 13982 11036 2940 908
1772 13982 11038 2940 908
1773 13982 11040 2940 908
1774 13982 11051 2940 908
1775 13982 11052 2940 908
1776 13982 11055 2940 908
1777 13982 11062 2960 928
1778 13982 11064 2960 928
1779 13982 11076 2960 928
1780 13982 11077 2960 928
1781 13982 11081 2960 928
1782 13982 11098 2960 928
1783 13982 11111 2960 928
1784 13982 11112 2960 928
1785 13982 11121 2960 928
1786 13982 11137 2960 928
1787 13982 11140 2960 928
1788 13982 11158 2960 928
1789 13982 11168 2980 948
1790 13982 11172 2980 948
1791 13982 11179 2980 948
1792 13982 11184 2980 948
1793 13982 11186 2980 948
1794 13982 11191 2980 948
1795 13982 11192 2980 948
1796 13982 11217 2980 948
1797 13982 11242 2980 948
1798 13982 11245 2980 948
1799 13982 11246 2980 948
1800 13982 11260 2980 948
1801 13982 11260 3000 968
1802 13982 11282 3000 968
1803 13982 11290 3000 968
1804 13982 11309 3000 968
1805 13982 11316 3000 968
1806 13982 11325 3000 968
1807 13982 11345 3000 968
1808 13982 11356 3000 968
1809 13982 11371 3000 968
1810 13982 11378 3000 968
1811 13982 11399 3000 968
1812 13982 11407 3000 968
1813 13982 11424 3020 988
1814 13982 11433 3020 988
1815 13982 11439 3020 988
1816 13982 11460 3020 988
1817 13982 11468 3020 988
1818 13982 11482 3020 988
1819 13982 11499 3020 988
1820 13982 11514 3020 988
1821 13982 11520 3020 988
1822 13982 11535 3020 988
1823 13982 11542 3020 988
1824 13982 11559 3020 988
1825 13982 11580 3040 1008
1826 13982 11591 3040 1008
1827 13982 11596 3040 1008
1828 13982 11614 3040 1008
1829 13982 11628 3040 1008
1830 13982 11639 3040 1008
1831 13982 11654 3040 1008
1832 13982 11664 3040 1008
1833 13982 11678 3040 1008
1834 13982 11693 3040 1008
1835 13982 11709 3040 1008
1836 13982 11713 3040 1008
1837 13982 11729 3060 1028
1838 13982 11740 3060 1028
1839 13982 11760 3060 1028
1840 13982 11773 3060 1028
1841 13982 11788 3060 1028
1842 13982 11803 3060 1028
1843 13982 11810 3060 1028
1844 13982 11826 3060 1028
1845 13982 11828 3060 1028
1846 13982 11847 3060 1028
1847 13982 11847 3060 1028
1848 13982 11858 3060 1028
1849 13982 11860 3080 1048
1850 13982 11861 3080 1048
1851 13982 11868 3080 1043
1852 13982 11874 3080 1042
1853 13982 11876 3080 1041
1854 13982 11883 3080 1035
1855 13982 11891 3080 1033
1856 13982 11894 3080 1032
1857 13982 11901 3080 1030
1858 13982 11905 3080 1030
1859 13982 11910 3080 1026
1860 13982 11918 3080 1024
1861 13982 11921 3100 1043
1862 13982 11927 3100 1041
1863 13982 11932 3100 1041
1864 13982 11936 3100 1038
1865 13982 11944 3100 1035
1866 13982 11948 3100 1034
1867 13982 11954 3100 1032
1868 13982 11960 3100 1031
1869 13982 11962 3100 1031
1870 13982 11967 3100 1031
1871 13982 11971 3100 1030
1872 13982 11972 3100 1030
1873 13982 11974 3120 1050
1874 13982 11983 3120 1042
1875 13982 11990 3120 1042
1876 13982 11991 3120 1042
1877 13982 11999 3120 1035
1878 13982 12007 3120 1034
1879 13982 12009 3120 1033
1880 13982 12017 3120 1033
1881 13982 12018 3120 1033
1882 13982 12026 3120 1026
1883 13982 12034 3120 1025
1884 13982 12037 3120 1023
1885 13982 12045 3140 1043
1886 13982 12046 3140 1043
1887 13982 12055 3140 1035
1888 13982 12062 3140 1035
1889 13982 12064 3140 1035
1890 13982 12073 3140 1034
1891 13982 12074 3140 1033
1892 13982 12077 3140 1033
1893 13982 12084 3140 1033
1894 13982 12090 3140 1028
1895 13982 12095 3140 1028
1896 13982 12095 3140 1028
1897 13982 12101 3160 1045
1898 13982 12108 3160 1041
1899 13982 12114 3160 1039
1900 13982 12120 3160 1038
1901 13982 12125 3160 1034
1902 13982 12134 3160 1031
1903 13982 12138 3160 1030
1904 13982 12143 3160 1029
1905 13982 12147 3160 1029
1906 13982 12154 3160 1024
1907 13982 12162 3160 1022
1908 13982 12166 3160 1021
1909 13982 12172 3180 1040
1910 13982 12176 3180 1039
1911 13982 12184 3180 1034
1912 13982 12189 3180 1034
1913 13982 12193 3180 1034
1914 13982 12199 3180 1033
1915 13982 12203 3180 1029
1916 13982 12209 3180 1028
1917 13982 12214 3180 1028
1918 13982 12222 3180 1023
1919 13982 12229 3180 1021
1920 13982 12231 3180 1020
1921 13982 12239 3200 1037
1922 13982 12245 3200 1035
1923 13982 12250 3200 1033
1924 13982 12257 3200 1031
1925 13982 12260 3200 1030
1926 13982 12266 3200 1027
1927 13982 12273 3200 1025
1928 13982 12277 3200 1023
1929 13982 12284 3200 1022
1930 13982 12288 3200 1021
1931 13982 12293 3200 1018
1932 13982 12299 3200 1017
1933 13982 12303 3220 1036
1934 13982 12309 3220 1036
1935 13982 12315 3220 1033
1936 13982 12321 3220 1030
1937 13982 12327 3220 1029
1938 13982 12334 3220 1025
1939 13982 12341 3220 1024
1940 13982 12344 3220 1023
1941 13982 12351 3220 1019
1942 13982 12358 3220 1018
1943 13982 12362 3220 1016
1944 13982 12369 3220 1014
1945 13982 12371 3240 1034
1946 13982 12377 3240 1031
1947 13982 12384 3240 1029
1948 13982 12389 3240 1027
1949 13982 12397 3240 1025
1950 13982 12401 3240 1023
1951 13982 12408 3240 1020
1952 13982 12414 3240 1019
1953 13982 12418 3240 1018
1954 13982 12424 3240 1018
1955 13982 12430 3240 1014
1956 13982 12437 3240 1011
1957 13982 12443 3260 1030
1958 13982 12450 3260 1026
1959 13982 12457 3260 1025
1960 13982 12461 3260 1023
1961 13982 12468 3260 1020
1962 13982 12473 3260 1019
1963 13982 12480 3260 1016
1964 13982 12486 3260 1015
1965 13982 12489 3260 1015
1966 13982 12496 3260 1012
1967 13982 12503 3260 1009
1968 13982 12509 3260 1007
1969 13982 12516 3280 1025
1970 13982 12521 3280 1023
1971 13982 12527 3280 1021
1972 13982 12533 3280 1019
1973 13982 12537 3280 1018
1974 13982 12542 3280 1018
1975 13982 12549 3280 1014
1976 13982 12556 3280 1011
1977 13982 12561 3280 1011
1978 13982 12567 3280 1008
1979 13982 12575 3280 1006
1980 13982 12579 3280 1004
1981 13982 12586 3300 1021
1982 13982 12592 3300 1021
1983 13982 12597 3300 1019
1984 13982 12604 3300 1016
1985 13982 12608 3300 1015
1986 13982 12614 3300 1013
1987 13982 12621 3300 1013
1988 13982 12623 3300 1011
1989 13982 12631 3300 1007
1990 13982 12636 3300 1007
1991 13982 12640 3300 1006
1992 13982 12646 3300 1005
1993 13982 12649 3320 1024
1994 13982 12655 3320 1022
1995 13982 12661 3320 1022
1996 13982 12663 3320 1021
1997 13982 12671 3320 1017
1998 13982 12677 3320 1016
1999 13982 12680 3320 1015
2000 13982 12687 3320 1011
2001 13982 12694 3320 1009
2002 13982 12698 3320 1008
2003 13982 12704 3320 1006
2004 13982 12707 3320 1006
2005 13982 12712 3340 1023
2006 13982 12720 3340 1021
2007 13982 12722 3340 1021
2008 13982 12729 3340 1018
2009 13982 12735 3340 1018
2010 13982 12738 3340 1015
2011 13982 12746 3340 1012
2012 13982 12750 3340 1012
2013 13982 12756 3340 1010
2014 13982 12761 3340 1009
2015 13982 12763 3340 1008
2016 13982 12770 3340 1007
2017 13982 12776 3360 1027
2018 13982 12779 3360 1025
2019 13982 12787 3360 1021
2020 13982 12793 3360 1020
2021 13982 12797 3360 1019
2022 13982 12803 3360 1015
2023 13982 12809 3360 1013
2024 13982 12814 3360 1012
2025 13982 12820 3360 1011
2026 13982 12823 3360 1011
2027 13982 12829 3360 1007
2028 13982 12837 3360 1005
2029 13982 12839 3380 1025
2030 13982 12846 3380 1022
2031 13982 12852 3380 1022
2032 13982 12855 3380 1019
2033 13982 12863 3380 1016
2034 13982 12867 3380 1016
2035 13982 12873 3380 1014
2036 13982 12878 3380 1013
2037 13982 12880 3380 1012
2038 13982 12887 3380 1011
2039 13982 12893 3380 1011
2040 13982 12896 3380 1009
2041 13982 12903 3400 1026
2042 13982 12909 3400 1024
2043 13982 12914 3400 1023
2044 13982 12919 3400 1020
2045 13982 12924 3400 1017
2046 13982 12931 3400 1016
2047 13982 12935 3400 1015
2048 13982 12940 3400 1015
2049 13982 12944 3400 1013
2050 13982 12951 3400 1009
2051 13982 12956 3400 1009
2052 13982 12960 3400 1007
2053 13982 12967 3420 1027
2054 13982 12968 3420 1026
2055 13982 12975 3420 1022
2056 13982 12980 3420 1022
2057 13982 12984 3420 1020
2058 13982 12991 3420 1018
2059 13982 12994 3420 1017
2060 13982 12998 3420 1017
2061 13982 13002 3420 1017
2062 13982 13007 3420 1015
2063 13982 13013 3420 1013
2064 13982 13019 3420 1010
2065 13982 13025 3440 1029
2066 13982 13029 3440 1028
2067 13982 13034 3440 1024
2068 13982 13041 3440 1021
2069 13982 13047 3440 1020
2070 13982 13051 3440 1020
2071 13982 13056 3440 1019
2072 13982 13061 3440 1016
2073 13982 13067 3440 1013
2074 13982 13073 3440 1011
2075 13982 13078 3440 1011
2076 13982 13081 3440 1011
2077 13982 13085 3460 1029
2078 13982 13090 3460 1027
2079 13982 13095 3460 1025
2080 13982 13102 3460 1025
2081 13982 13104 3460 1025
2082 13982 13109 3460 1022
2083 13982 13113 3460 1022
2084 13982 13116 3460 1021
2085 13982 13125 3460 1019
2086 13982 13128 3460 1019
2087 13982 13134 3460 1014
2088 13982 13142 3460 1013
2089 13982 13143 3480 1033
2090 13982 13151 3480 1027
2091 13982 13158 3480 1026
2092 13982 13160 3480 1025
2093 13982 13166 3480 1025
2094 13982 13167 3480 1025
2095 13982 13174 3480 1019
2096 13982 13181 3480 1018
2097 13982 13183 3480 1018
2098 13982 13189 3480 1018
2099 13982 13191 3480 1017
2100 13982 13196 3480 1013
2101 13982 13203 3500 1032
2102 13982 13206 3500 1032
2103 13982 13211 3500 1032
2104 13982 13213 3500 1031
2105 13982 13216 3500 1030
2106 13982 13222 3500 1030
2107 13982 13229 3500 1029
2108 13982 13232 3500 1027
2109 13982 13238 3500 1023
2110 13982 13244 3500 1023
2111 13982 13246 3500 1022
2112 13982 13253 3500 1016
2113 13982 13261 3520 1034
2114 13982 13264 3520 1034
2115 13982 13270 3520 1033
2116 13982 13274 3520 1031
2117 13982 13281 3520 1026
2118 13982 13287 3520 1025
2119 13982 13291 3520 1025
2120 13982 13296 3520 1024
2121 13982 13300 3520 1022
2122 13982 13306 3520 1019
2123 13982 13311 3520 1018
2124 13982 13315 3520 1018
2125 13982 13321 3540 1038
2126 13982 13323 3540 1037
2127 13982 13328 3540 1034
2128 13982 13334 3540 1034
2129 13982 13339 3540 1034
2130 13982 13343 3540 1032
2131 13982 13348 3540 1029
2132 13982 13352 3540 1029
2133 13982 13366 3540 1029
2134 13982 13369 3540 1027
2135 13982 13382 3540 1025
2136 13982 13386 3540 1024
2137 13982 13390 3560 1044
2138 13982 13392 3560 1044
2139 13982 13396 3560 1042
2140 13982 13401 3560 1040
2141 13982 13405 3560 1039
2142 13982 13410 3560 1038
2143 13982 13413 3560 1038
2144 13982 13418 3560 1036
2145 13982 13421 3560 1035
2146 13982 13426 3560 1034
2147 13982 13453 3560 1034
2148 13982 13455 3560 1034
2149 13982 13456 3580 1054
2150 13982 13461 3580 1053
2151 13982 13486 3580 1053
2152 13982 13487 3580 1053
2153 13982 13499 3580 1053
2154 13982 13500 3580 1053
2155 13982 13502 3580 1052
2156 13982 13504 3580 1052
2157 13982 13506 3580 1052
2158 13982 13507 3580 1052
2159 13982 13509 3580 1052
2160 13982 13509 3580 1052
2161 13982 13510 3600 1072
2162 13982 13580 3600 1072
2163 13982 13585 3600 1072
2164 13982 13611 3600 1072
2165 13982 13644 3600 1072
2166 13982 13655 3600 1072
2167 13982 13662 3600 1072
2168 13982 13702 3600 1072
2169 13982 13726 3600 1072
2170 13982 13753 3600 1072
2171 13982 13767 3600 1072
2172 13982 13795 3600 1072
2173 13982 13822 3620 1092
2174 13982 13843 3620 1092
2175 13982 13873 3620 1092
2176 13982 13882 3620 1092
2177 13982 13902 3620 1092
2178 13982 13911 3620 1092
2179 13982 13927 3620 1092
2180 13982 13935 3620 1092
2181 13982 13950 3620 1092
2182 13982 13954 3620 1092
2183 13982 13963 3620 1092
2184 13982 13968 3620 1092
2185 13982 13975 3640 1112
2186 13982 13978 3640 1112
2187 13982 13980 3640 1112
2188 13982 13981 3640 1112
2189 13982 13982 3640 1112
2190 13982 13982 3640 1112
2191 13982 13982 3640 1112
