1 11398 100 0 0
2 11398 200 0 0
3 11398 300 0 0
4 11398 400 0 0
5 11398 500 0 0
6 11398 578 0 0
7 11398 578 0 0
8 11398 593 0 0
9 11398 593 0 0
10 11398 622 0 0
11 11398 622 0 0
12 11398 654 28 28
13 11398 654 28 28
14 11398 678 28 28
15 11398 678 28 28
16 11398 703 28 28
17 11398 706 28 28
18 11398 729 28 28
19 11398 729 28 28
20 11398 743 28 28
21 11398 747 28 28
22 11398 759 28 28
23 11398 761 56 56
24 11398 770 56 56
25 11398 775 56 56
26 11398 782 56 56
27 11398 791 56 56
28 11398 797 56 56
29 11398 821 56 54
30 11398 826 56 54
31 11398 843 56 54
32 11398 844 56 54
33 11398 857 56 52
34 11398 858 84 80
35 11398 863 84 78
36 11398 867 84 76
37 11398 869 84 76
38 11398 871 84 76
39 11398 873 84 74
40 11398 877 84 72
41 11398 879 84 72
42 11398 881 84 72
43 11398 885 84 70
44 11398 887 84 68
45 11398 891 112 94
46 11398 893 112 94
47 11398 896 112 93
48 11398 898 112 93
49 11398 900 112 91
50 11398 902 112 91
51 11398 904 112 91
52 11398 906 112 91
53 11398 908 112 91
54 11398 910 112 89
55 11398 916 112 89
56 11398 916 140 117
57 11398 922 140 113
58 11398 926 140 113
59 11398 930 140 112
60 11398 935 140 112
61 11398 939 140 108
62 11398 945 140 104
63 11398 951 140 103
64 11398 954 140 103
65 11398 959 140 103
66 11398 962 140 101
67 11398 969 168 124
68 11398 975 168 123
69 11398 978 168 123
70 11398 983 168 123
71 11398 986 168 121
72 11398 990 168 119
73 11398 995 168 119
74 11398 998 168 119
75 11398 1003 168 119
76 11398 1005 168 118
77 11398 1012 168 115
78 11398 1017 196 143
79 11398 1020 196 142
80 11398 1025 196 139
81 11398 1030 196 138
82 11398 1034 196 136
83 11398 1041 196 134
84 11398 1043 196 133
85 11398 1049 196 128
86 11398 1057 196 127
87 11398 1059 196 127
88 11398 1066 196 125
89 11398 1070 224 152
90 11398 1076 224 147
91 11398 1084 224 146
92 11398 1086 224 146
93 11398 1093 224 144
94 11398 1096 224 144
95 11398 1099 224 142
96 11398 1106 224 142
97 11398 1108 224 142
98 11398 1116 224 139
99 11398 1121 224 138
100 11398 1124 252 164
101 11398 1132 252 162
102 11398 1135 252 161
103 11398 1139 252 160
104 11398 1147 252 156
105 11398 1152 252 156
106 11398 1156 252 155
107 11398 1163 252 151
108 11398 1169 252 149
109 11398 1173 252 148
110 11398 1179 252 146
111 11398 1184 280 172
112 11398 1190 280 169
113 11398 1196 280 168
114 11398 1200 280 167
115 11398 1206 280 165
116 11398 1210 280 164
117 11398 1215 280 162
118 11398 1220 280 162
119 11398 1223 280 162
120 11398 1229 280 160
121 11398 1234 280 159
122 11398 1238 308 185
123 11398 1247 308 182
124 11398 1252 308 181
125 11398 1257 308 179
126 11398 1265 308 175
127 11398 1272 308 173
128 11398 1276 308 172
129 11398 1282 308 170
130 11398 1287 308 168
131 11398 1292 308 165
132 11398 1299 308 164
133 11398 1302 336 191
134 11398 1310 336 188
135 11398 1315 336 187
136 11398 1319 336 185
137 11398 1327 336 181
138 11398 1331 336 181
139 11398 1336 336 179
140 11398 1344 336 177
141 11398 1346 336 177
142 11398 1351 336 177
143 11398 1356 336 176
144 11398 1360 364 200
145 11398 1367 364 199
146 11398 1372 364 196
147 11398 1380 364 194
148 11398 1383 364 193
149 11398 1386 364 190
150 11398 1392 364 188
151 11398 1396 364 187
152 11398 1402 364 185
153 11398 1408 364 184
154 11398 1411 364 182
155 11398 1418 392 208
156 11398 1423 392 206
157 11398 1429 392 204
158 11398 1435 392 203
159 11398 1440 392 200
160 11398 1446 392 198
161 11398 1451 392 197
162 11398 1457 392 195
163 11398 1463 392 194
164 11398 1466 392 194
165 11398 1471 392 192
166 11398 1475 420 219
167 11398 1477 420 219
168 11398 1481 420 218
169 11398 1485 420 217
170 11398 1491 420 213
171 11398 1499 420 210
172 11398 1503 420 208
173 11398 1510 420 204
174 11398 1515 420 203
175 11398 1520 420 201
176 11398 1525 420 201
177 11398 1528 448 228
178 11398 1536 448 224
179 11398 1541 448 223
180 11398 1547 448 220
181 11398 1554 448 219
182 11398 1556 448 218
183 11398 1564 448 215
184 11398 1570 448 213
185 11398 1576 448 210
186 11398 1583 448 210
187 11398 1586 448 208
188 11398 1591 476 235
189 11398 1595 476 235
190 11398 1599 476 234
191 11398 1605 476 233
192 11398 1611 476 229
193 11398 1617 476 227
194 11398 1620 476 225
195 11398 1627 476 221
196 11398 1634 476 220
197 11398 1638 476 219
198 11398 1643 476 218
199 11398 1647 504 244
200 11398 1655 504 239
201 11398 1661 504 238
202 11398 1666 504 238
203 11398 1671 504 237
204 11398 1674 504 235
205 11398 1680 504 231
206 11398 1688 504 228
207 11398 1693 504 228
208 11398 1698 504 228
209 11398 1703 504 226
210 11398 1705 532 253
211 11398 1711 532 252
212 11398 1717 532 250
213 11398 1721 532 249
214 11398 1724 532 249
215 11398 1728 532 247
216 11398 1732 532 245
217 11398 1734 532 245
218 11398 1739 532 244
219 11398 1745 532 240
220 11398 1751 532 238
221 11398 1757 560 264
222 11398 1764 560 259
223 11398 1772 560 257
224 11398 1776 560 257
225 11398 1782 560 255
226 11398 1786 560 254
227 11398 1792 560 250
228 11398 1801 560 247
229 11398 1805 560 247
230 11398 1810 560 247
231 11398 1815 560 245
232 11398 1823 588 267
233 11398 1830 588 266
234 11398 1834 588 266
235 11398 1841 588 264
236 11398 1845 588 263
237 11398 1848 588 262
238 11398 1855 588 261
239 11398 1859 588 260
240 11398 1866 588 255
241 11398 1873 588 253
242 11398 1876 588 252
243 11398 1881 616 277
244 11398 1888 616 275
245 11398 1893 616 273
246 11398 1899 616 273
247 11398 1903 616 271
248 11398 1911 616 267
249 11398 1916 616 266
250 11398 1920 616 264
251 11398 1928 616 263
252 11398 1932 616 261
253 11398 1939 616 258
254 11398 1944 644 285
255 11398 1949 644 282
256 11398 1957 644 280
257 11398 1961 644 279
258 11398 1966 644 278
259 11398 1970 644 278
260 11398 1974 644 276
261 11398 1980 644 274
262 11398 1984 644 273
263 11398 1989 644 273
264 11398 1991 644 272
265 11398 1993 672 298
266 11398 1998 672 297
267 11398 2004 672 293
268 11398 2013 672 291
269 11398 2016 672 291
270 11398 2021 672 286
271 11398 2029 672 283
272 11398 2034 672 281
273 11398 2041 672 281
274 11398 2044 672 281
275 11398 2050 672 277
276 11398 2057 700 302
277 11398 2062 700 300
278 11398 2068 700 299
279 11398 2073 700 299
280 11398 2078 700 295
281 11398 2085 700 293
282 11398 2088 700 293
283 11398 2095 700 291
284 11398 2101 700 289
285 11398 2104 700 289
286 11398 2110 700 287
287 11398 2116 728 313
288 11398 2117 728 313
289 11398 2120 728 313
290 11398 2124 728 312
291 11398 2130 728 307
292 11398 2136 728 305
293 11398 2143 728 303
294 11398 2146 728 302
295 11398 2152 728 299
296 11398 2159 728 295
297 11398 2164 728 295
298 11398 2168 756 323
299 11398 2174 756 321
300 11398 2179 756 318
301 11398 2184 756 317
302 11398 2190 756 314
303 11398 2198 756 312
304 11398 2201 756 312
305 11398 2208 756 309
306 11398 2215 756 306
307 11398 2221 756 303
308 11398 2228 756 302
309 11398 2232 784 329
310 11398 2235 784 329
311 11398 2240 784 328
312 11398 2245 784 326
313 11398 2250 784 325
314 11398 2256 784 323
315 11398 2263 784 319
316 11398 2268 784 317
317 11398 2273 784 315
318 11398 2280 784 311
319 11398 2288 784 310
320 11398 2291 812 338
321 11398 2296 812 337
322 11398 2301 812 334
323 11398 2307 812 331
324 11398 2314 812 328
325 11398 2320 812 328
326 11398 2323 812 327
327 11398 2330 812 324
328 11398 2337 812 321
329 11398 2342 812 319
330 11398 2349 812 318
331 11398 2353 840 345
332 11398 2357 840 343
333 11398 2362 840 343
334 11398 2366 840 342
335 11398 2372 840 341
336 11398 2376 840 340
337 11398 2383 840 334
338 11398 2390 840 333
339 11398 2394 840 331
340 11398 2401 840 327
341 11398 2408 840 326
342 11398 2411 868 353
343 11398 2417 868 352
344 11398 2422 868 350
345 11398 2428 868 346
346 11398 2435 868 345
347 11398 2439 868 343
348 11398 2445 868 342
349 11398 2449 868 341
350 11398 2456 868 337
351 11398 2463 868 335
352 11398 2468 868 334
353 11398 2474 896 360
354 11398 2478 896 359
355 11398 2481 896 359
356 11398 2487 896 358
357 11398 2492 896 357
358 11398 2496 896 356
359 11398 2501 896 353
360 11398 2507 896 350
361 11398 2514 896 346
362 11398 2521 896 345
363 11398 2525 896 344
364 11398 2531 924 368
365 11398 2538 924 366
366 11398 2544 924 364
367 11398 2550 924 363
368 11398 2555 924 362
369 11398 2561 924 358
370 11398 2567 924 356
371 11398 2572 924 355
372 11398 2579 924 353
373 11398 2584 924 352
374 11398 2589 924 350
375 11398 2595 952 376
376 11398 2601 952 374
377 11398 2607 952 373
378 11398 2612 952 372
379 11398 2617 952 370
380 11398 2623 952 368
381 11398 2629 952 365
382 11398 2635 952 363
383 11398 2641 952 361
384 11398 2646 952 360
385 11398 2652 952 356
386 11398 2657 980 382
387 11398 2661 980 381
388 11398 2669 980 379
389 11398 2673 980 378
390 11398 2678 980 376
391 11398 2684 980 374
392 11398 2690 980 371
393 11398 2697 980 370
394 11398 2700 980 370
395 11398 2706 980 367
396 11398 2713 980 365
397 11398 2718 1008 391
398 11398 2726 1008 389
399 11398 2730 1008 388
400 11398 2735 1008 385
401 11398 2743 1008 382
402 11398 2747 1008 382
403 11398 2751 1008 382
404 11398 2756 1008 380
405 11398 2759 1008 378
406 11398 2763 1008 377
407 11398 2771 1008 373
408 11398 2778 1036 400
409 11398 2782 1036 399
410 11398 2788 1036 394
411 11398 2796 1036 391
412 11398 2802 1036 390
413 11398 2807 1036 390
414 11398 2811 1036 390
415 11398 2816 1036 386
416 11398 2824 1036 382
417 11398 2831 1036 381
418 11398 2836 1036 380
419 11398 2842 1064 407
420 11398 2847 1064 403
421 11398 2855 1064 399
422 11398 2860 1064 399
423 11398 2866 1064 398
424 11398 2871 1064 397
425 11398 2875 1064 395
426 11398 2880 1064 394
427 11398 2885 1064 393
428 11398 2894 1064 388
429 11398 2900 1064 387
430 11398 2904 1092 414
431 11398 2910 1092 410
432 11398 2917 1092 406
433 11398 2924 1092 406
434 11398 2926 1092 406
435 11398 2933 1092 405
436 11398 2938 1092 402
437 11398 2945 1092 398
438 11398 2952 1092 397
439 11398 2957 1092 395
440 11398 2964 1092 393
441 11398 2969 1120 419
442 11398 2975 1120 416
443 11398 2981 1120 415
444 11398 2987 1120 413
445 11398 2993 1120 411
446 11398 2997 1120 411
447 11398 3001 1120 410
448 11398 3006 1120 409
449 11398 3011 1120 407
450 11398 3017 1120 403
451 11398 3025 1120 402
452 11398 3029 1148 428
453 11398 3036 1148 424
454 11398 3042 1148 422
455 11398 3047 1148 421
456 11398 3054 1148 420
457 11398 3059 1148 418
458 11398 3065 1148 415
459 11398 3072 1148 412
460 11398 3079 1148 409
461 11398 3085 1148 409
462 11398 3089 1148 408
463 11398 3095 1176 433
464 11398 3101 1176 430
465 11398 3109 1176 428
466 11398 3114 1176 428
467 11398 3119 1176 428
468 11398 3122 1176 428
469 11398 3136 1176 426
470 11398 3146 1176 425
471 11398 3164 1176 425
472 11398 3170 1176 425
473 11398 3181 1176 425
474 11398 3187 1204 452
475 11398 3191 1204 452
476 11398 3196 1204 452
477 11398 3208 1204 452
478 11398 3210 1204 452
479 11398 3214 1204 452
480 11398 3216 1204 452
481 11398 3234 1204 452
482 11398 3236 1204 452
483 11398 3237 1204 452
484 11398 3244 1204 452
485 11398 3246 1232 480
486 11398 3254 1232 480
487 11398 3255 1232 480
488 11398 3260 1232 480
489 11398 3263 1232 480
490 11398 3273 1232 480
491 11398 3275 1232 480
492 11398 3276 1232 480
493 11398 3282 1232 480
494 11398 3284 1232 480
495 11398 3289 1232 480
496 11398 3293 1260 508
497 11398 3298 1260 508
498 11398 3301 1260 508
499 11398 3315 1260 508
500 11398 3317 1260 508
501 11398 3317 1260 508
502 11398 3329 1260 508
503 11398 3337 1260 508
504 11398 3346 1260 508
505 11398 3348 1260 508
506 11398 3364 1260 508
507 11398 3366 1288 536
508 11398 3382 1288 536
509 11398 3384 1288 536
510 11398 3390 1288 536
511 11398 3393 1288 536
512 11398 3407 1288 536
513 11398 3407 1288 536
514 11398 3409 1288 536
515 11398 3416 1288 536
516 11398 3417 1288 536
517 11398 3425 1288 536
518 11398 3426 1316 564
519 11398 3433 1316 564
520 11398 3435 1316 564
521 11398 3450 1316 564
522 11398 3451 1316 564
523 11398 3453 1316 564
524 11398 3464 1316 564
525 11398 3466 1316 564
526 11398 3475 1316 564
527 11398 3480 1316 564
528 11398 3488 1316 564
529 11398 3494 1344 592
530 11398 3505 1344 592
531 11398 3510 1344 592
532 11398 3510 1344 592
533 11398 3518 1344 592
534 11398 3523 1344 592
535 11398 3529 1344 592
536 11398 3534 1344 592
537 11398 3544 1344 592
538 11398 3547 1344 592
539 11398 3554 1344 592
540 11398 3561 1372 620
541 11398 3564 1372 620
542 11398 3571 1372 620
543 11398 3587 1372 620
544 11398 3602 1372 620
545 11398 3603 1372 620
546 11398 3606 1372 620
547 11398 3621 1372 620
548 11398 3621 1372 620
549 11398 3635 1372 620
550 11398 3636 1372 620
551 11398 3637 1400 648
552 11398 3638 1400 648
553 11398 3639 1400 648
554 11398 3640 1400 648
555 11398 3641 1400 648
556 11398 3674 1400 646
557 11398 3686 1400 645
558 11398 3689 1400 645
559 11398 3690 1400 645
560 11398 3702 1400 643
561 11398 3705 1400 642
562 11398 3717 1428 670
563 11398 3724 1428 665
564 11398 3730 1428 665
565 11398 3742 1428 663
566 11398 3751 1428 656
567 11398 3758 1428 656
568 11398 3760 1428 656
569 11398 3767 1428 655
570 11398 3770 1428 653
571 11398 3778 1428 647
572 11398 3786 1428 646
573 11398 3789 1456 674
574 11398 3796 1456 672
575 11398 3798 1456 672
576 11398 3804 1456 668
577 11398 3814 1456 665
578 11398 3818 1456 664
579 11398 3825 1456 663
580 11398 3829 1456 661
581 11398 3833 1456 659
582 11398 3839 1456 659
583 11398 3844 1456 658
584 11398 3850 1484 682
585 11398 3858 1484 680
586 11398 3862 1484 678
587 11398 3869 1484 673
588 11398 3877 1484 672
589 11398 3880 1484 672
590 11398 3887 1484 669
591 11398 3891 1484 668
592 11398 3897 1484 664
593 11398 3906 1484 662
594 11398 3909 1484 662
595 11398 3914 1512 690
596 11398 3919 1512 688
597 11398 3927 1512 682
598 11398 3935 1512 681
599 11398 3939 1512 680
600 11398 3946 1512 678
601 11398 3950 1512 677
602 11398 3954 1512 675
603 11398 3962 1512 674
604 11398 3966 1512 673
605 11398 3974 1512 668
606 11398 3981 1540 694
607 11398 3985 1540 692
608 11398 3992 1540 690
609 11398 3998 1540 688
610 11398 4004 1540 686
611 11398 4009 1540 685
612 11398 4015 1540 682
613 11398 4023 1540 679
614 11398 4028 1540 678
615 11398 4032 1540 678
616 11398 4038 1540 676
617 11398 4045 1568 700
618 11398 4052 1568 698
619 11398 4058 1568 697
620 11398 4063 1568 695
621 11398 4068 1568 694
622 11398 4073 1568 693
623 11398 4080 1568 693
624 11398 4087 1568 693
625 11398 4098 1568 691
626 11398 4107 1568 690
627 11398 4112 1568 690
628 11398 4125 1596 718
629 11398 4136 1596 718
630 11398 4146 1596 716
631 11398 4151 1596 716
632 11398 4159 1596 716
633 11398 4165 1596 716
634 11398 4170 1596 716
635 11398 4172 1596 716
636 11398 4178 1596 716
637 11398 4188 1596 716
638 11398 4200 1596 716
639 11398 4204 1624 744
640 11398 4214 1624 744
641 11398 4222 1624 744
642 11398 4233 1624 744
643 11398 4244 1624 744
644 11398 4248 1624 744
645 11398 4257 1624 744
646 11398 4260 1624 744
647 11398 4267 1624 744
648 11398 4275 1624 744
649 11398 4277 1624 744
650 11398 4285 1652 772
651 11398 4309 1652 772
652 11398 4312 1652 772
653 11398 4317 1652 772
654 11398 4339 1652 772
655 11398 4342 1652 772
656 11398 4353 1652 772
657 11398 4356 1652 772
658 11398 4358 1652 772
659 11398 4361 1652 772
660 11398 4363 1652 772
661 11398 4366 1680 800
662 11398 4388 1680 800
663 11398 4395 1680 800
664 11398 4405 1680 800
665 11398 4411 1680 800
666 11398 4424 1680 800
667 11398 4428 1680 800
668 11398 4437 1680 800
669 11398 4443 1680 800
670 11398 4448 1680 800
671 11398 4452 1680 800
672 11398 4454 1708 828
673 11398 4457 1708 828
674 11398 4457 1708 828
675 11398 4460 1708 828
676 11398 4461 1708 828
677 11398 4464 1708 828
678 11398 4465 1708 828
679 11398 4479 1708 828
680 11398 4495 1708 828
681 11398 4497 1708 828
682 11398 4499 1708 828
683 11398 4513 1736 856
684 11398 4514 1736 856
685 11398 4529 1736 856
686 11398 4530 1736 856
687 11398 4547 1736 856
688 11398 4572 1736 856
689 11398 4582 1736 856
690 11398 4583 1736 856
691 11398 4599 1736 856
692 11398 4608 1736 856
693 11398 4625 1736 856
694 11398 4640 1764 884
695 11398 4647 1764 884
696 11398 4664 1764 883
697 11398 4676 1764 882
698 11398 4686 1764 881
699 11398 4688 1764 880
700 11398 4698 1764 879
701 11398 4702 1764 876
702 11398 4707 1764 875
703 11398 4718 1764 872
704 11398 4725 1764 870
705 11398 4731 1792 897
706 11398 4737 1792 893
707 11398 4744 1792 891
708 11398 4748 1792 890
709 11398 4754 1792 889
710 11398 4758 1792 888
711 11398 4764 1792 884
712 11398 4771 1792 882
713 11398 4775 1792 881
714 11398 4782 1792 878
715 11398 4786 1792 878
716 11398 4790 1820 904
717 11398 4798 1820 902
718 11398 4802 1820 901
719 11398 4809 1820 899
720 11398 4815 1820 897
721 11398 4819 1820 895
722 11398 4825 1820 894
723 11398 4829 1820 893
724 11398 4831 1820 893
725 11398 4834 1820 892
726 11398 4841 1820 887
727 11398 4849 1848 912
728 11398 4854 1848 912
729 11398 4859 1848 909
730 11398 4866 1848 905
731 11398 4871 1848 904
732 11398 4876 1848 903
733 11398 4883 1848 902
734 11398 4887 1848 900
735 11398 4893 1848 898
736 11398 4898 1848 896
737 11398 4905 1848 894
738 11398 4911 1876 921
739 11398 4917 1876 918
740 11398 4923 1876 916
741 11398 4929 1876 913
742 11398 4936 1876 911
743 11398 4941 1876 910
744 11398 4945 1876 910
745 11398 4950 1876 909
746 11398 4955 1876 906
747 11398 4959 1876 905
748 11398 4966 1876 902
749 11398 4973 1904 928
750 11398 4978 1904 927
751 11398 4981 1904 925
752 11398 4985 1904 923
753 11398 4992 1904 919
754 11398 4998 1904 918
755 11398 5002 1904 918
756 11398 5007 1904 917
757 11398 5013 1904 915
758 11398 5019 1904 912
759 11398 5025 1904 910
760 11398 5031 1932 935
761 11398 5038 1932 933
762 11398 5043 1932 931
763 11398 5048 1932 930
764 11398 5053 1932 929
765 11398 5059 1932 926
766 11398 5066 1932 923
767 11398 5071 1932 923
768 11398 5075 1932 922
769 11398 5080 1932 921
770 11398 5083 1932 920
771 11398 5088 1960 946
772 11398 5094 1960 945
773 11398 5101 1960 941
774 11398 5108 1960 939
775 11398 5112 1960 937
776 11398 5119 1960 933
777 11398 5127 1960 932
778 11398 5131 1960 931
779 11398 5137 1960 930
780 11398 5142 1960 927
781 11398 5151 1960 921
782 11398 5158 1988 949
783 11398 5161 1988 949
784 11398 5168 1988 947
785 11398 5171 1988 945
786 11398 5179 1988 940
787 11398 5187 1988 939
788 11398 5190 1988 939
789 11398 5196 1988 939
790 11398 5199 1988 937
791 11398 5205 1988 934
792 11398 5213 1988 933
793 11398 5220 2016 957
794 11398 5227 2016 956
795 11398 5230 2016 954
796 11398 5238 2016 949
797 11398 5246 2016 948
798 11398 5250 2016 947
799 11398 5257 2016 946
800 11398 5261 2016 943
801 11398 5269 2016 938
802 11398 5275 2016 938
803 11398 5280 2016 937
804 11398 5286 2044 964
805 11398 5290 2044 962
806 11398 5298 2044 957
807 11398 5306 2044 955
808 11398 5310 2044 955
809 11398 5315 2044 955
810 11398 5319 2044 953
811 11398 5324 2044 951
812 11398 5332 2044 949
813 11398 5339 2044 946
814 11398 5345 2044 944
815 11398 5350 2072 970
816 11398 5357 2072 966
817 11398 5364 2072 964
818 11398 5369 2072 964
819 11398 5375 2072 962
820 11398 5381 2072 959
821 11398 5387 2072 956
822 11398 5394 2072 954
823 11398 5400 2072 953
824 11398 5405 2072 952
825 11398 5410 2072 950
826 11398 5417 2100 974
827 11398 5425 2100 971
828 11398 5430 2100 971
829 11398 5434 2100 971
830 11398 5439 2100 969
831 11398 5444 2100 968
832 11398 5451 2100 967
833 11398 5459 2100 967
834 11398 5466 2100 967
835 11398 5470 2100 966
836 11398 5478 2100 965
837 11398 5488 2128 993
838 11398 5495 2128 993
839 11398 5503 2128 993
840 11398 5511 2128 992
841 11398 5519 2128 992
842 11398 5526 2128 992
843 11398 5534 2128 992
844 11398 5536 2128 992
845 11398 5537 2128 992
846 11398 5544 2128 992
847 11398 5550 2128 992
848 11398 5553 2156 1020
849 11398 5556 2156 1020
850 11398 5565 2156 1020
851 11398 5567 2156 1020
852 11398 5577 2156 1020
853 11398 5579 2156 1020
854 11398 5587 2156 1020
855 11398 5599 2156 1020
856 11398 5607 2156 1020
857 11398 5608 2156 1020
858 11398 5617 2156 1020
859 11398 5622 2184 1048
860 11398 5631 2184 1048
861 11398 5632 2184 1048
862 11398 5644 2184 1048
863 11398 5647 2184 1048
864 11398 5659 2184 1048
865 11398 5662 2184 1048
866 11398 5669 2184 1048
867 11398 5671 2184 1048
868 11398 5679 2184 1048
869 11398 5683 2184 1048
870 11398 5688 2212 1076
871 11398 5691 2212 1076
872 11398 5700 2212 1076
873 11398 5700 2212 1076
874 11398 5711 2212 1076
875 11398 5711 2212 1076
876 11398 5720 2212 1076
877 11398 5721 2212 1076
878 11398 5728 2212 1076
879 11398 5728 2212 1076
880 11398 5732 2212 1076
881 11398 5764 2240 1104
882 11398 5765 2240 1104
883 11398 5769 2240 1104
884 11398 5780 2240 1104
885 11398 5781 2240 1104
886 11398 5794 2240 1104
887 11398 5795 2240 1104
888 11398 5803 2240 1104
889 11398 5804 2240 1104
890 11398 5809 2240 1104
891 11398 5809 2240 1104
892 11398 5811 2268 1132
893 11398 5834 2268 1132
894 11398 5834 2268 1132
895 11398 5835 2268 1132
896 11398 5854 2268 1132
897 11398 5856 2268 1132
898 11398 5877 2268 1132
899 11398 5885 2268 1132
900 11398 5889 2268 1132
901 11398 5897 2268 1132
902 11398 5907 2268 1132
903 11398 5907 2296 1160
904 11398 5922 2296 1160
905 11398 5922 2296 1160
906 11398 5930 2296 1160
907 11398 5954 2296 1160
908 11398 5963 2296 1160
909 11398 5965 2296 1160
910 11398 5978 2296 1160
911 11398 5983 2296 1160
912 11398 6002 2296 1160
913 11398 6011 2296 1160
914 11398 6023 2324 1188
915 11398 6028 2324 1188
916 11398 6033 2324 1188
917 11398 6037 2324 1188
918 11398 6039 2324 1188
919 11398 6046 2324 1188
920 11398 6048 2324 1188
921 11398 6076 2324 1188
922 11398 6097 2324 1187
923 11398 6098 2324 1187
924 11398 6101 2324 1187
925 11398 6118 2352 1214
926 11398 6119 2352 1214
927 11398 6135 2352 1214
928 11398 6141 2352 1209
929 11398 6147 2352 1208
930 11398 6165 2352 1207
931 11398 6173 2352 1200
932 11398 6181 2352 1199
933 11398 6183 2352 1199
934 11398 6190 2352 1197
935 11398 6194 2352 1196
936 11398 6201 2380 1218
937 11398 6210 2380 1217
938 11398 6212 2380 1217
939 11398 6220 2380 1214
940 11398 6223 2380 1214
941 11398 6229 2380 1209
942 11398 6239 2380 1207
943 11398 6241 2380 1207
944 11398 6249 2380 1205
945 11398 6253 2380 1204
946 11398 6254 2380 1203
947 11398 6262 2408 1231
948 11398 6266 2408 1229
949 11398 6272 2408 1226
950 11398 6279 2408 1225
951 11398 6284 2408 1221
952 11398 6293 2408 1216
953 11398 6299 2408 1215
954 11398 6304 2408 1214
955 11398 6310 2408 1213
956 11398 6313 2408 1211
957 11398 6321 2408 1207
958 11398 6328 2436 1233
959 11398 6333 2436 1232
960 11398 6339 2436 1232
961 11398 6343 2436 1229
962 11398 6350 2436 1225
963 11398 6356 2436 1224
964 11398 6362 2436 1222
965 11398 6368 2436 1222
966 11398 6370 2436 1222
967 11398 6375 2436 1220
968 11398 6383 2436 1217
969 11398 6389 2464 1243
970 11398 6396 2464 1241
971 11398 6402 2464 1238
972 11398 6408 2464 1235
973 11398 6415 2464 1232
974 11398 6422 2464 1230
975 11398 6427 2464 1230
976 11398 6432 2464 1228
977 11398 6439 2464 1224
978 11398 6444 2464 1222
979 11398 6450 2464 1221
980 11398 6456 2492 1248
981 11398 6461 2492 1246
982 11398 6467 2492 1244
983 11398 6473 2492 1241
984 11398 6481 2492 1238
985 11398 6486 2492 1238
986 11398 6489 2492 1238
987 11398 6494 2492 1237
988 11398 6502 2492 1235
989 11398 6521 2492 1234
990 11398 6532 2492 1234
991 11398 6548 2520 1261
992 11398 6555 2520 1260
993 11398 6563 2520 1259
994 11398 6567 2520 1259
995 11398 6571 2520 1259
996 11398 6579 2520 1258
997 11398 6582 2520 1257
998 11398 6585 2520 1257
999 11398 6588 2520 1257
1000 11398 6591 2520 1257
1001 11398 6595 2520 1256
1002 11398 6596 2548 1284
1003 11398 6599 2548 1284
1004 11398 6609 2548 1284
1005 11398 6612 2548 1284
1006 11398 6612 2548 1284
1007 11398 6615 2548 1284
1008 11398 6638 2548 1284
1009 11398 6641 2548 1284
1010 11398 6641 2548 1284
1011 11398 6647 2548 1284
1012 11398 6647 2548 1284
1013 11398 6654 2576 1312
1014 11398 6655 2576 1312
1015 11398 6660 2576 1312
1016 11398 6661 2576 1312
1017 11398 6669 2576 1312
1018 11398 6671 2576 1312
1019 11398 6672 2576 1312
1020 11398 6677 2576 1312
1021 11398 6679 2576 1312
1022 11398 6683 2576 1312
1023 11398 6687 2576 1312
1024 11398 6690 2604 1340
1025 11398 6695 2604 1340
1026 11398 6698 2604 1340
1027 11398 6702 2604 1340
1028 11398 6712 2604 1340
1029 11398 6715 2604 1340
1030 11398 6718 2604 1340
1031 11398 6730 2604 1340
1032 11398 6730 2604 1340
1033 11398 6743 2604 1340
1034 11398 6744 2604 1340
1035 11398 6757 2632 1368
1036 11398 6757 2632 1368
1037 11398 6771 2632 1368
1038 11398 6771 2632 1368
1039 11398 6775 2632 1368
1040 11398 6790 2632 1368
1041 11398 6790 2632 1368
1042 11398 6791 2632 1368
1043 11398 6805 2632 1368
1044 11398 6805 2632 1368
1045 11398 6820 2632 1368
1046 11398 6820 2660 1396
1047 11398 6835 2660 1396
1048 11398 6836 2660 1396
1049 11398 6850 2660 1396
1050 11398 6855 2660 1396
1051 11398 6856 2660 1396
1052 11398 6859 2660 1396
1053 11398 6865 2660 1396
1054 11398 6865 2660 1396
1055 11398 6874 2660 1396
1056 11398 6874 2660 1396
1057 11398 6883 2688 1424
1058 11398 6883 2688 1424
1059 11398 6891 2688 1424
1060 11398 6902 2688 1424
1061 11398 6912 2688 1424
1062 11398 6916 2688 1424
1063 11398 6920 2688 1424
1064 11398 6929 2688 1424
1065 11398 6936 2688 1424
1066 11398 6943 2688 1424
1067 11398 6952 2688 1424
1068 11398 6953 2716 1452
1069 11398 6962 2716 1452
1070 11398 6963 2716 1452
1071 11398 6967 2716 1452
1072 11398 6969 2716 1452
1073 11398 6971 2716 1452
1074 11398 6982 2716 1452
1075 11398 6995 2716 1452
1076 11398 6995 2716 1452
1077 11398 6997 2716 1452
1078 11398 7008 2716 1452
1079 11398 7009 2744 1480
1080 11398 7019 2744 1480
1081 11398 7021 2744 1480
1082 11398 7021 2744 1480
1083 11398 7023 2744 1480
1084 11398 7048 2744 1480
1085 11398 7074 2744 1480
1086 11398 7075 2744 1480
1087 11398 7075 2744 1480
1088 11398 7100 2744 1480
1089 11398 7101 2744 1480
1090 11398 7126 2772 1508
1091 11398 7133 2772 1508
1092 11398 7139 2772 1508
1093 11398 7159 2772 1508
1094 11398 7179 2772 1508
1095 11398 7185 2772 1508
1096 11398 7185 2772 1508
1097 11398 7211 2772 1508
1098 11398 7217 2772 1508
1099 11398 7243 2772 1508
1100 11398 7249 2772 1508
1101 11398 7255 2800 1536
1102 11398 7276 2800 1536
1103 11398 7290 2800 1536
1104 11398 7302 2800 1536
1105 11398 7306 2800 1536
1106 11398 7325 2800 1536
1107 11398 7332 2800 1535
1108 11398 7347 2800 1534
1109 11398 7358 2800 1530
1110 11398 7364 2800 1527
1111 11398 7382 2800 1526
1112 11398 7387 2828 1550
1113 11398 7395 2828 1547
1114 11398 7399 2828 1547
1115 11398 7404 2828 1545
1116 11398 7410 2828 1544
1117 11398 7414 2828 1541
1118 11398 7422 2828 1538
1119 11398 7426 2828 1538
1120 11398 7431 2828 1536
1121 11398 7438 2828 1534
1122 11398 7443 2828 1531
1123 11398 7451 2856 1556
1124 11398 7456 2856 1555
1125 11398 7460 2856 1554
1126 11398 7465 2856 1554
1127 11398 7468 2856 1553
1128 11398 7474 2856 1552
1129 11398 7480 2856 1551
1130 11398 7485 2856 1547
1131 11398 7492 2856 1544
1132 11398 7498 2856 1542
1133 11398 7503 2856 1540
1134 11398 7509 2884 1566
1135 11398 7514 2884 1564
1136 11398 7520 2884 1562
1137 11398 7526 2884 1560
1138 11398 7532 2884 1558
1139 11398 7538 2884 1556
1140 11398 7543 2884 1553
1141 11398 7549 2884 1552
1142 11398 7553 2884 1551
1143 11398 7561 2884 1548
1144 11398 7566 2884 1547
1145 11398 7571 2912 1573
1146 11398 7577 2912 1572
1147 11398 7582 2912 1570
1148 11398 7588 2912 1569
1149 11398 7593 2912 1568
1150 11398 7598 2912 1566
1151 11398 7605 2912 1563
1152 11398 7612 2912 1559
1153 11398 7619 2912 1557
1154 11398 7624 2912 1556
1155 11398 7630 2912 1553
1156 11398 7637 2940 1578
1157 11398 7641 2940 1577
1158 11398 7647 2940 1576
1159 11398 7653 2940 1574
1160 11398 7659 2940 1571
1161 11398 7665 2940 1570
1162 11398 7670 2940 1568
1163 11398 7678 2940 1565
1164 11398 7683 2940 1564
1165 11398 7688 2940 1562
1166 11398 7694 2940 1561
1167 11398 7699 2968 1587
1168 11398 7706 2968 1585
1169 11398 7711 2968 1584
1170 11398 7716 2968 1582
1171 11398 7724 2968 1579
1172 11398 7729 2968 1577
1173 11398 7734 2968 1575
1174 11398 7740 2968 1574
1175 11398 7746 2968 1571
1176 11398 7753 2968 1568
1177 11398 7758 2968 1567
1178 11398 7764 2996 1592
1179 11398 7771 2996 1590
1180 11398 7776 2996 1589
1181 11398 7781 2996 1587
1182 11398 7787 2996 1585
1183 11398 7793 2996 1582
1184 11398 7799 2996 1581
1185 11398 7803 2996 1581
1186 11398 7808 2996 1579
1187 11398 7814 2996 1576
1188 11398 7821 2996 1574
1189 11398 7826 3024 1601
1190 11398 7833 3024 1599
1191 11398 7838 3024 1597
1192 11398 7843 3024 1594
1193 11398 7849 3024 1593
1194 11398 7854 3024 1592
1195 11398 7859 3024 1591
1196 11398 7863 3024 1589
1197 11398 7867 3024 1587
1198 11398 7872 3024 1586
1199 11398 7878 3024 1584
1200 11398 7883 3052 1610
1201 11398 7889 3052 1608
1202 11398 7895 3052 1605
1203 11398 7900 3052 1603
1204 11398 7904 3052 1602
1205 11398 7909 3052 1601
1206 11398 7914 3052 1599
1207 11398 7921 3052 1597
1208 11398 7926 3052 1596
1209 11398 7932 3052 1594
1210 11398 7938 3052 1591
1211 11398 7945 3080 1615
1212 11398 7952 3080 1613
1213 11398 7957 3080 1612
1214 11398 7961 3080 1612
1215 11398 7966 3080 1610
1216 11398 7973 3080 1606
1217 11398 7979 3080 1604
1218 11398 7985 3080 1604
1219 11398 7989 3080 1603
1220 11398 7993 3080 1601
1221 11398 7997 3080 1600
1222 11398 8003 3108 1626
1223 11398 8009 3108 1625
1224 11398 8014 3108 1623
1225 11398 8020 3108 1620
1226 11398 8024 3108 1619
1227 11398 8030 3108 1616
1228 11398 8037 3108 1614
1229 11398 8043 3108 1612
1230 11398 8048 3108 1611
1231 11398 8053 3108 1609
1232 11398 8060 3108 1605
1233 11398 8066 3136 1632
1234 11398 8070 3136 1631
1235 11398 8077 3136 1628
1236 11398 8081 3136 1627
1237 11398 8087 3136 1624
1238 11398 8095 3136 1622
1239 11398 8099 3136 1621
1240 11398 8106 3136 1619
1241 11398 8111 3136 1617
1242 11398 8115 3136 1615
1243 11398 8121 3136 1615
1244 11398 8125 3164 1642
1245 11398 8130 3164 1641
1246 11398 8135 3164 1640
1247 11398 8141 3164 1636
1248 11398 8150 3164 1632
1249 11398 8156 3164 1630
1250 11398 8162 3164 1628
1251 11398 8168 3164 1626
1252 11398 8173 3164 1624
1253 11398 8179 3164 1622
1254 11398 8186 3164 1620
1255 11398 8191 3192 1646
1256 11398 8198 3192 1644
1257 11398 8203 3192 1642
1258 11398 8208 3192 1640
1259 11398 8214 3192 1639
1260 11398 8220 3192 1636
1261 11398 8227 3192 1634
1262 11398 8231 3192 1634
1263 11398 8236 3192 1632
1264 11398 8243 3192 1630
1265 11398 8247 3192 1629
1266 11398 8253 3220 1656
1267 11398 8259 3220 1654
1268 11398 8266 3220 1649
1269 11398 8274 3220 1647
1270 11398 8279 3220 1645
1271 11398 8286 3220 1642
1272 11398 8292 3220 1641
1273 11398 8297 3220 1638
1274 11398 8303 3220 1637
1275 11398 8307 3220 1636
1276 11398 8315 3220 1632
1277 11398 8321 3248 1659
1278 11398 8325 3248 1658
1279 11398 8332 3248 1656
1280 11398 8338 3248 1653
1281 11398 8345 3248 1650
1282 11398 8350 3248 1650
1283 11398 8354 3248 1649
1284 11398 8361 3248 1647
1285 11398 8366 3248 1645
1286 11398 8371 3248 1644
1287 11398 8378 3248 1642
1288 11398 8386 3276 1665
1289 11398 8393 3276 1663
1290 11398 8397 3276 1662
1291 11398 8404 3276 1659
1292 11398 8411 3276 1657
1293 11398 8416 3276 1655
1294 11398 8422 3276 1654
1295 11398 8427 3276 1652
1296 11398 8435 3276 1648
1297 11398 8441 3276 1647
1298 11398 8445 3276 1646
1299 11398 8452 3304 1672
1300 11398 8458 3304 1669
1301 11398 8465 3304 1666
1302 11398 8470 3304 1666
1303 11398 8474 3304 1665
1304 11398 8481 3304 1663
1305 11398 8486 3304 1662
1306 11398 8492 3304 1662
1307 11398 8501 3304 1661
1308 11398 8515 3304 1660
1309 11398 8520 3304 1659
1310 11398 8527 3332 1687
1311 11398 8542 3332 1687
1312 11398 8550 3332 1686
1313 11398 8562 3332 1685
1314 11398 8565 3332 1685
1315 11398 8569 3332 1685
1316 11398 8576 3332 1685
1317 11398 8582 3332 1684
1318 11398 8583 3332 1684
1319 11398 8592 3332 1684
1320 11398 8596 3332 1684
1321 11398 8602 3360 1712
1322 11398 8602 3360 1712
1323 11398 8607 3360 1712
1324 11398 8625 3360 1712
1325 11398 8630 3360 1712
1326 11398 8631 3360 1712
1327 11398 8650 3360 1712
1328 11398 8650 3360 1712
1329 11398 8672 3360 1712
1330 11398 8690 3360 1712
1331 11398 8693 3360 1712
1332 11398 8710 3388 1740
1333 11398 8710 3388 1740
1334 11398 8713 3388 1740
1335 11398 8720 3388 1740
1336 11398 8722 3388 1740
1337 11398 8735 3388 1740
1338 11398 8735 3388 1740
1339 11398 8739 3388 1740
1340 11398 8743 3388 1740
1341 11398 8745 3388 1740
1342 11398 8745 3388 1740
1343 11398 8748 3416 1768
1344 11398 8749 3416 1768
1345 11398 8754 3416 1768
1346 11398 8772 3416 1768
1347 11398 8774 3416 1768
1348 11398 8784 3416 1768
1349 11398 8787 3416 1768
1350 11398 8803 3416 1768
1351 11398 8813 3416 1768
1352 11398 8817 3416 1768
1353 11398 8821 3416 1768
1354 11398 8831 3444 1796
1355 11398 8837 3444 1796
1356 11398 8848 3444 1796
1357 11398 8854 3444 1796
1358 11398 8861 3444 1796
1359 11398 8872 3444 1796
1360 11398 8882 3444 1796
1361 11398 8886 3444 1796
1362 11398 8893 3444 1796
1363 11398 8899 3444 1796
1364 11398 8904 3444 1796
1365 11398 8911 3472 1824
1366 11398 8913 3472 1824
1367 11398 8915 3472 1824
1368 11398 8916 3472 1824
1369 11398 8917 3472 1824
1370 11398 8950 3472 1822
1371 11398 8961 3472 1821
1372 11398 8964 3472 1821
1373 11398 8965 3472 1821
1374 11398 8976 3472 1819
1375 11398 8979 3472 1818
1376 11398 8990 3500 1846
1377 11398 8997 3500 1841
1378 11398 9003 3500 1841
1379 11398 9014 3500 1839
1380 11398 9023 3500 1832
1381 11398 9030 3500 1832
1382 11398 9032 3500 1832
1383 11398 9039 3500 1831
1384 11398 9042 3500 1829
1385 11398 9050 3500 1823
1386 11398 9058 3500 1822
1387 11398 9061 3528 1850
1388 11398 9068 3528 1848
1389 11398 9070 3528 1848
1390 11398 9076 3528 1844
1391 11398 9086 3528 1841
1392 11398 9090 3528 1840
1393 11398 9097 3528 1839
1394 11398 9101 3528 1837
1395 11398 9105 3528 1835
1396 11398 9111 3528 1835
1397 11398 9116 3528 1834
1398 11398 9122 3556 1858
1399 11398 9130 3556 1856
1400 11398 9134 3556 1854
1401 11398 9142 3556 1848
1402 11398 9150 3556 1848
1403 11398 9152 3556 1848
1404 11398 9160 3556 1845
1405 11398 9163 3556 1844
1406 11398 9170 3556 1839
1407 11398 9179 3556 1838
1408 11398 9181 3556 1838
1409 11398 9187 3584 1866
1410 11398 9191 3584 1864
1411 11398 9200 3584 1857
1412 11398 9208 3584 1857
1413 11398 9211 3584 1856
1414 11398 9219 3584 1854
1415 11398 9222 3584 1853
1416 11398 9226 3584 1851
1417 11398 9235 3584 1850
1418 11398 9240 3584 1847
1419 11398 9248 3584 1844
1420 11398 9253 3612 1870
1421 11398 9258 3612 1867
1422 11398 9265 3612 1865
1423 11398 9271 3612 1864
1424 11398 9276 3612 1862
1425 11398 9282 3612 1861
1426 11398 9287 3612 1858
1427 11398 9296 3612 1854
1428 11398 9301 3612 1854
1429 11398 9304 3612 1854
1430 11398 9311 3612 1852
1431 11398 9317 3640 1876
1432 11398 9324 3640 1874
1433 11398 9330 3640 1873
1434 11398 9335 3640 1871
1435 11398 9340 3640 1870
1436 11398 9345 3640 1869
1437 11398 9350 3640 1869
1438 11398 9357 3640 1869
1439 11398 9366 3640 1867
1440 11398 9372 3640 1866
1441 11398 9376 3640 1866
1442 11398 9386 3668 1894
1443 11398 9393 3668 1894
1444 11398 9401 3668 1892
1445 11398 9407 3668 1892
1446 11398 9416 3668 1892
1447 11398 9425 3668 1892
1448 11398 9432 3668 1892
1449 11398 9434 3668 1892
1450 11398 9441 3668 1892
1451 11398 9447 3668 1892
1452 11398 9453 3668 1892
1453 11398 9453 3696 1920
1454 11398 9463 3696 1920
1455 11398 9463 3696 1920
1456 11398 9473 3696 1920
1457 11398 9473 3696 1920
1458 11398 9480 3696 1920
1459 11398 9488 3696 1920
1460 11398 9494 3696 1920
1461 11398 9501 3696 1920
1462 11398 9508 3696 1920
1463 11398 9512 3696 1920
1464 11398 9526 3724 1948
1465 11398 9526 3724 1948
1466 11398 9543 3724 1948
1467 11398 9545 3724 1948
1468 11398 9562 3724 1948
1469 11398 9563 3724 1948
1470 11398 9576 3724 1948
1471 11398 9578 3724 1948
1472 11398 9585 3724 1948
1473 11398 9588 3724 1948
1474 11398 9592 3724 1948
1475 11398 9592 3752 1976
1476 11398 9599 3752 1976
1477 11398 9599 3752 1976
1478 11398 9604 3752 1976
1479 11398 9607 3752 1976
1480 11398 9610 3752 1976
1481 11398 9612 3752 1976
1482 11398 9617 3752 1976
1483 11398 9643 3752 1976
1484 11398 9648 3752 1976
1485 11398 9652 3752 1976
1486 11398 9666 3780 2004
1487 11398 9666 3780 2004
1488 11398 9682 3780 2004
1489 11398 9684 3780 2004
1490 11398 9692 3780 2004
1491 11398 9694 3780 2004
1492 11398 9700 3780 2004
1493 11398 9701 3780 2004
1494 11398 9706 3780 2004
1495 11398 9707 3780 2004
1496 11398 9710 3780 2004
1497 11398 9711 3808 2032
1498 11398 9715 3808 2032
1499 11398 9715 3808 2032
1500 11398 9721 3808 2032
1501 11398 9721 3808 2032
1502 11398 9723 3808 2032
1503 11398 9745 3808 2032
1504 11398 9745 3808 2032
1505 11398 9747 3808 2032
1506 11398 9766 3808 2032
1507 11398 9766 3808 2032
1508 11398 9790 3836 2060
1509 11398 9796 3836 2060
1510 11398 9804 3836 2060
1511 11398 9815 3836 2060
1512 11398 9819 3836 2060
1513 11398 9823 3836 2060
1514 11398 9837 3836 2060
1515 11398 9840 3836 2060
1516 11398 9855 3836 2060
1517 11398 9865 3836 2060
1518 11398 9873 3836 2060
1519 11398 9883 3864 2088
1520 11398 9897 3864 2088
1521 11398 9902 3864 2088
1522 11398 9909 3864 2088
1523 11398 9922 3864 2088
1524 11398 9925 3864 2088
1525 11398 9934 3864 2088
1526 11398 9936 3864 2088
1527 11398 9959 3864 2088
1528 11398 9984 3864 2088
1529 11398 9987 3864 2088
1530 11398 9988 3892 2116
1531 11398 10010 3892 2116
1532 11398 10014 3892 2116
1533 11398 10037 3892 2116
1534 11398 10046 3892 2116
1535 11398 10052 3892 2116
1536 11398 10072 3892 2116
1537 11398 10092 3892 2116
1538 11398 10097 3892 2116
1539 11398 10099 3892 2116
1540 11398 10124 3892 2116
1541 11398 10131 3920 2144
1542 11398 10156 3920 2144
1543 11398 10162 3920 2144
1544 11398 10169 3920 2144
1545 11398 10188 3920 2144
1546 11398 10203 3920 2144
1547 11398 10214 3920 2144
1548 11398 10222 3920 2144
1549 11398 10246 3920 2144
1550 11398 10253 3920 2144
1551 11398 10273 3920 2144
1552 11398 10284 3948 2172
1553 11398 10292 3948 2172
1554 11398 10311 3948 2172
1555 11398 10324 3948 2172
1556 11398 10337 3948 2172
1557 11398 10339 3948 2172
1558 11398 10352 3948 2172
1559 11398 10356 3948 2172
1560 11398 10364 3948 2172
1561 11398 10367 3948 2172
1562 11398 10367 3948 2172
1563 11398 10371 3976 2196
1564 11398 10376 3976 2195
1565 11398 10378 3976 2194
1566 11398 10383 3976 2190
1567 11398 10390 3976 2187
1568 11398 10395 3976 2185
1569 11398 10401 3976 2184
1570 11398 10405 3976 2183
1571 11398 10410 3976 2179
1572 11398 10417 3976 2177
1573 11398 10421 3976 2176
1574 11398 10427 4004 2203
1575 11398 10431 4004 2203
1576 11398 10436 4004 2199
1577 11398 10443 4004 2197
1578 11398 10448 4004 2194
1579 11398 10456 4004 2193
1580 11398 10459 4004 2193
1581 11398 10463 4004 2191
1582 11398 10468 4004 2191
1583 11398 10471 4004 2190
1584 11398 10476 4004 2189
1585 11398 10479 4032 2216
1586 11398 10483 4032 2215
1587 11398 10487 4032 2213
1588 11398 10491 4032 2211
1589 11398 10495 4032 2210
1590 11398 10500 4032 2207
1591 11398 10506 4032 2206
1592 11398 10510 4032 2204
1593 11398 10517 4032 2200
1594 11398 10524 4032 2197
1595 11398 10528 4032 2196
1596 11398 10534 4060 2223
1597 11398 10539 4060 2221
1598 11398 10544 4060 2219
1599 11398 10550 4060 2217
1600 11398 10556 4060 2215
1601 11398 10562 4060 2213
1602 11398 10567 4060 2213
1603 11398 10571 4060 2211
1604 11398 10579 4060 2208
1605 11398 10584 4060 2207
1606 11398 10591 4060 2204
1607 11398 10598 4088 2230
1608 11398 10602 4088 2228
1609 11398 10609 4088 2226
1610 11398 10614 4088 2225
1611 11398 10616 4088 2225
1612 11398 10621 4088 2224
1613 11398 10627 4088 2220
1614 11398 10633 4088 2218
1615 11398 10639 4088 2217
1616 11398 10645 4088 2214
1617 11398 10650 4088 2212
1618 11398 10655 4116 2238
1619 11398 10662 4116 2235
1620 11398 10669 4116 2234
1621 11398 10673 4116 2233
1622 11398 10678 4116 2232
1623 11398 10682 4116 2230
1624 11398 10690 4116 2226
1625 11398 10697 4116 2225
1626 11398 10702 4116 2224
1627 11398 10707 4116 2223
1628 11398 10713 4116 2219
1629 11398 10720 4144 2245
1630 11398 10725 4144 2244
1631 11398 10730 4144 2243
1632 11398 10736 4144 2241
1633 11398 10740 4144 2239
1634 11398 10744 4144 2239
1635 11398 10749 4144 2239
1636 11398 10753 4144 2238
1637 11398 10760 4144 2235
1638 11398 10764 4144 2234
1639 11398 10770 4144 2231
1640 11398 10777 4172 2258
1641 11398 10780 4172 2257
1642 11398 10785 4172 2253
1643 11398 10792 4172 2252
1644 11398 10796 4172 2252
1645 11398 10802 4172 2251
1646 11398 10804 4172 2250
1647 11398 10810 4172 2245
1648 11398 10819 4172 2244
1649 11398 10820 4172 2244
1650 11398 10828 4172 2241
1651 11398 10832 4200 2268
1652 11398 10835 4200 2265
1653 11398 10844 4200 2263
1654 11398 10847 4200 2263
1655 11398 10852 4200 2262
1656 11398 10857 4200 2261
1657 11398 10860 4200 2260
1658 11398 10866 4200 2258
1659 11398 10873 4200 2257
1660 11398 10876 4200 2255
1661 11398 10884 4200 2252
1662 11398 10888 4228 2280
1663 11398 10892 4228 2277
1664 11398 10898 4228 2274
1665 11398 10903 4228 2273
1666 11398 10908 4228 2273
1667 11398 10912 4228 2272
1668 11398 10915 4228 2272
1669 11398 10919 4228 2270
1670 11398 10927 4228 2267
1671 11398 10931 4228 2266
1672 11398 10937 4228 2263
1673 11398 10943 4256 2291
1674 11398 10945 4256 2290
1675 11398 10952 4256 2285
1676 11398 10959 4256 2284
1677 11398 10962 4256 2283
1678 11398 10969 4256 2282
1679 11398 10971 4256 2282
1680 11398 10977 4256 2278
1681 11398 10983 4256 2277
1682 11398 10986 4256 2277
1683 11398 10992 4256 2277
1684 11398 10996 4284 2304
1685 11398 11001 4284 2300
1686 11398 11009 4284 2297
1687 11398 11014 4284 2296
1688 11398 11019 4284 2295
1689 11398 11024 4284 2292
1690 11398 11028 4284 2292
1691 11398 11033 4284 2291
1692 11398 11038 4284 2290
1693 11398 11041 4284 2288
1694 11398 11047 4284 2285
1695 11398 11051 4312 2313
1696 11398 11053 4312 2313
1697 11398 11057 4312 2312
1698 11398 11061 4312 2310
1699 11398 11066 4312 2308
1700 11398 11071 4312 2307
1701 11398 11076 4312 2306
1702 11398 11080 4312 2305
1703 11398 11084 4312 2304
1704 11398 11095 4312 2304
1705 11398 11106 4312 2303
1706 11398 11114 4340 2330
1707 11398 11138 4340 2329
1708 11398 11140 4340 2329
1709 11398 11150 4340 2329
1710 11398 11158 4340 2329
1711 11398 11160 4340 2327
1712 11398 11168 4340 2326
1713 11398 11169 4340 2326
1714 11398 11173 4340 2326
1715 11398 11175 4340 2326
1716 11398 11177 4340 2325
1717 11398 11181 4368 2352
1718 11398 11188 4368 2352
1719 11398 11190 4368 2352
1720 11398 11197 4368 2352
1721 11398 11198 4368 2352
1722 11398 11200 4368 2352
1723 11398 11208 4368 2352
1724 11398 11229 4368 2352
1725 11398 11235 4368 2352
1726 11398 11259 4368 2352
1727 11398 11266 4368 2352
1728 11398 11286 4396 2380
1729 11398 11293 4396 2380
1730 11398 11299 4396 2380
1731 11398 11307 4396 2380
1732 11398 11312 4396 2380
1733 11398 11315 4396 2380
1734 11398 11336 4396 2380
1735 11398 11337 4396 2380
1736 11398 11351 4396 2380
1737 11398 11352 4396 2380
1738 11398 11365 4396 2380
1739 11398 11366 4424 2408
1740 11398 11377 4424 2408
1741 11398 11379 4424 2408
1742 11398 11387 4424 2408
1743 11398 11389 4424 2408
1744 11398 11393 4424 2408
1745 11398 11394 4424 2408
1746 11398 11397 4424 2408
1747 11398 11397 4424 2408
1748 11398 11398 4424 2408
1749 11398 11398 4424 2408
1750 11398 11398 4452 2436
