1 10274 100 0 0
2 10274 200 0 0
3 10274 277 0 0
4 10274 278 0 0
5 10274 280 0 0
6 10274 281 0 0
7 10274 285 0 0
8 10274 286 0 0
9 10274 291 0 0
10 10274 292 0 0
11 10274 297 0 0
12 10274 297 0 0
13 10274 302 0 0
14 10274 302 0 0
15 10274 306 0 0
16 10274 306 0 0
17 10274 311 0 0
18 10274 311 0 0
19 10274 315 0 0
20 10274 315 0 0
21 10274 318 0 0
22 10274 318 0 0
23 10274 323 0 0
24 10274 323 0 0
25 10274 327 0 0
26 10274 327 0 0
27 10274 331 0 0
28 10274 331 0 0
29 10274 336 0 0
30 10274 336 0 0
31 10274 340 0 0
32 10274 340 0 0
33 10274 345 0 0
34 10274 345 0 0
35 10274 349 0 0
36 10274 349 0 0
37 10274 353 0 0
38 10274 353 0 0
39 10274 357 0 0
40 10274 357 0 0
41 10274 361 0 0
42 10274 361 0 0
43 10274 365 0 0
44 10274 365 0 0
45 10274 369 0 0
46 10274 369 0 0
47 10274 373 0 0
48 10274 373 0 0
49 10274 377 0 0
50 10274 377 0 0
51 10274 383 0 0
52 10274 383 0 0
53 10274 389 0 0
54 10274 389 0 0
55 10274 392 0 0
56 10274 393 0 0
57 10274 395 0 0
58 10274 395 0 0
59 10274 400 0 0
60 10274 400 0 0
61 10274 404 0 0
62 10274 404 0 0
63 10274 408 0 0
64 10274 408 0 0
65 10274 412 0 0
66 10274 412 0 0
67 10274 417 0 0
68 10274 417 0 0
69 10274 422 0 0
70 10274 422 0 0
71 10274 426 0 0
72 10274 426 0 0
73 10274 429 0 0
74 10274 429 0 0
75 10274 432 0 0
76 10274 432 0 0
77 10274 435 0 0
78 10274 435 0 0
79 10274 439 0 0
80 10274 439 0 0
81 10274 442 0 0
82 10274 442 0 0
83 10274 447 0 0
84 10274 447 0 0
85 10274 451 0 0
86 10274 451 0 0
87 10274 457 0 0
88 10274 457 0 0
89 10274 462 0 0
90 10274 462 0 0
91 10274 467 0 0
92 10274 467 0 0
93 10274 471 0 0
94 10274 471 0 0
95 10274 474 0 0
96 10274 474 0 0
97 10274 479 0 0
98 10274 479 0 0
99 10274 484 0 0
100 10274 484 0 0
101 10274 488 0 0
102 10274 488 0 0
103 10274 492 0 0
104 10274 492 0 0
105 10274 498 0 0
106 10274 498 0 0
107 10274 503 0 0
108 10274 503 0 0
109 10274 510 0 0
110 10274 510 0 0
111 10274 514 0 0
112 10274 514 0 0
113 10274 519 0 0
114 10274 519 0 0
115 10274 522 0 0
116 10274 522 0 0
117 10274 526 0 0
118 10274 526 0 0
119 10274 529 0 0
120 10274 529 0 0
121 10274 533 0 0
122 10274 533 0 0
123 10274 539 0 0
124 10274 539 0 0
125 10274 543 0 0
126 10274 543 0 0
127 10274 548 0 0
128 10274 548 0 0
129 10274 553 0 0
130 10274 553 0 0
131 10274 558 0 0
132 10274 558 0 0
133 10274 562 0 0
134 10274 562 0 0
135 10274 566 0 0
136 10274 566 0 0
137 10274 570 0 0
138 10274 570 0 0
139 10274 573 0 0
140 10274 573 0 0
141 10274 577 0 0
142 10274 577 0 0
143 10274 581 0 0
144 10274 581 0 0
145 10274 586 0 0
146 10274 586 0 0
147 10274 590 0 0
148 10274 590 0 0
149 10274 595 0 0
150 10274 595 0 0
151 10274 599 0 0
152 10274 599 0 0
153 10274 602 0 0
154 10274 602 0 0
155 10274 609 0 0
156 10274 609 0 0
157 10274 614 0 0
158 10274 614 0 0
159 10274 617 0 0
160 10274 617 0 0
161 10274 622 0 0
162 10274 622 0 0
163 10274 625 0 0
164 10274 625 0 0
165 10274 629 0 0
166 10274 629 0 0
167 10274 633 0 0
168 10274 633 0 0
169 10274 637 0 0
170 10274 637 0 0
171 10274 640 0 0
172 10274 640 0 0
173 10274 644 0 0
174 10274 644 0 0
175 10274 648 0 0
176 10274 648 0 0
177 10274 654 0 0
178 10274 654 0 0
179 10274 658 0 0
180 10274 658 0 0
181 10274 662 0 0
182 10274 662 0 0
183 10274 667 0 0
184 10274 667 0 0
185 10274 670 0 0
186 10274 670 0 0
187 10274 676 0 0
188 10274 676 0 0
189 10274 681 0 0
190 10274 681 0 0
191 10274 684 0 0
192 10274 684 0 0
193 10274 687 0 0
194 10274 687 0 0
195 10274 689 0 0
196 10274 689 0 0
197 10274 693 0 0
198 10274 693 0 0
199 10274 698 0 0
200 10274 698 0 0
201 10274 701 0 0
202 10274 701 0 0
203 10274 706 0 0
204 10274 706 0 0
205 10274 709 0 0
206 10274 709 0 0
207 10274 713 0 0
208 10274 713 0 0
209 10274 717 0 0
210 10274 717 0 0
211 10274 722 0 0
212 10274 722 0 0
213 10274 726 0 0
214 10274 726 0 0
215 10274 732 0 0
216 10274 732 0 0
217 10274 736 0 0
218 10274 736 0 0
219 10274 738 0 0
220 10274 738 0 0
221 10274 742 0 0
222 10274 742 0 0
223 10274 746 0 0
224 10274 746 0 0
225 10274 749 0 0
226 10274 749 0 0
227 10274 753 0 0
228 10274 753 0 0
229 10274 757 0 0
230 10274 757 0 0
231 10274 762 0 0
232 10274 762 0 0
233 10274 767 0 0
234 10274 767 0 0
235 10274 771 0 0
236 10274 771 0 0
237 10274 773 0 0
238 10274 773 0 0
239 10274 776 0 0
240 10274 776 0 0
241 10274 781 0 0
242 10274 781 0 0
243 10274 786 0 0
244 10274 786 0 0
245 10274 792 0 0
246 10274 792 0 0
247 10274 796 0 0
248 10274 796 0 0
249 10274 801 0 0
250 10274 801 0 0
251 10274 806 0 0
252 10274 806 0 0
253 10274 811 0 0
254 10274 812 0 0
255 10274 815 0 0
256 10274 815 0 0
257 10274 820 0 0
258 10274 820 0 0
259 10274 825 0 0
260 10274 825 0 0
261 10274 830 0 0
262 10274 830 0 0
263 10274 836 0 0
264 10274 836 0 0
265 10274 841 0 0
266 10274 841 0 0
267 10274 845 0 0
268 10274 845 0 0
269 10274 849 0 0
270 10274 849 0 0
271 10274 852 0 0
272 10274 852 0 0
273 10274 856 0 0
274 10274 856 0 0
275 10274 860 0 0
276 10274 860 0 0
277 10274 863 0 0
278 10274 863 0 0
279 10274 867 0 0
280 10274 867 0 0
281 10274 870 0 0
282 10274 870 0 0
283 10274 873 0 0
284 10274 873 0 0
285 10274 877 0 0
286 10274 877 0 0
287 10274 881 0 0
288 10274 881 0 0
289 10274 885 0 0
290 10274 885 0 0
291 10274 890 0 0
292 10274 890 0 0
293 10274 895 0 0
294 10274 895 0 0
295 10274 899 0 0
296 10274 899 0 0
297 10274 904 0 0
298 10274 904 0 0
299 10274 910 0 0
300 10274 910 0 0
301 10274 914 0 0
302 10274 914 0 0
303 10274 919 0 0
304 10274 919 0 0
305 10274 923 0 0
306 10274 923 0 0
307 10274 927 0 0
308 10274 927 0 0
309 10274 930 0 0
310 10274 930 0 0
311 10274 934 0 0
312 10274 934 0 0
313 10274 936 0 0
314 10274 936 0 0
315 10274 939 0 0
316 10274 939 0 0
317 10274 944 0 0
318 10274 944 0 0
319 10274 947 0 0
320 10274 947 0 0
321 10274 951 0 0
322 10274 951 0 0
323 10274 956 0 0
324 10274 956 0 0
325 10274 962 0 0
326 10274 962 0 0
327 10274 968 0 0
328 10274 968 0 0
329 10274 975 0 0
330 10274 975 0 0
331 10274 980 0 0
332 10274 980 0 0
333 10274 985 0 0
334 10274 985 0 0
335 10274 990 0 0
336 10274 990 0 0
337 10274 994 0 0
338 10274 994 0 0
339 10274 998 0 0
340 10274 998 0 0
341 10274 1002 0 0
342 10274 1002 0 0
343 10274 1006 0 0
344 10274 1006 0 0
345 10274 1010 0 0
346 10274 1010 0 0
347 10274 1015 0 0
348 10274 1015 0 0
349 10274 1021 0 0
350 10274 1021 0 0
351 10274 1027 0 0
352 10274 1027 0 0
353 10274 1032 0 0
354 10274 1032 0 0
355 10274 1036 0 0
356 10274 1036 0 0
357 10274 1042 0 0
358 10274 1042 0 0
359 10274 1046 0 0
360 10274 1046 0 0
361 10274 1049 0 0
362 10274 1049 0 0
363 10274 1054 0 0
364 10274 1054 0 0
365 10274 1061 0 0
366 10274 1061 0 0
367 10274 1064 0 0
368 10274 1064 0 0
369 10274 1068 0 0
370 10274 1068 0 0
371 10274 1071 0 0
372 10274 1071 0 0
373 10274 1075 0 0
374 10274 1075 0 0
375 10274 1081 0 0
376 10274 1081 0 0
377 10274 1084 0 0
378 10274 1084 0 0
379 10274 1088 0 0
380 10274 1088 0 0
381 10274 1094 0 0
382 10274 1094 0 0
383 10274 1099 0 0
384 10274 1099 0 0
385 10274 1104 0 0
386 10274 1104 0 0
387 10274 1108 0 0
388 10274 1108 0 0
389 10274 1113 0 0
390 10274 1113 0 0
391 10274 1116 0 0
392 10274 1117 0 0
393 10274 1121 0 0
394 10274 1121 0 0
395 10274 1124 0 0
396 10274 1124 0 0
397 10274 1129 0 0
398 10274 1129 0 0
399 10274 1132 0 0
400 10274 1132 0 0
401 10274 1135 0 0
402 10274 1135 0 0
403 10274 1139 0 0
404 10274 1139 0 0
405 10274 1142 0 0
406 10274 1142 0 0
407 10274 1146 0 0
408 10274 1147 0 0
409 10274 1151 0 0
410 10274 1151 0 0
411 10274 1154 0 0
412 10274 1154 0 0
413 10274 1158 0 0
414 10274 1158 0 0
415 10274 1162 0 0
416 10274 1162 0 0
417 10274 1166 0 0
418 10274 1166 0 0
419 10274 1172 0 0
420 10274 1172 0 0
421 10274 1176 0 0
422 10274 1176 0 0
423 10274 1182 0 0
424 10274 1182 0 0
425 10274 1187 0 0
426 10274 1187 0 0
427 10274 1191 0 0
428 10274 1191 0 0
429 10274 1194 0 0
430 10274 1194 0 0
431 10274 1199 0 0
432 10274 1199 0 0
433 10274 1202 0 0
434 10274 1202 0 0
435 10274 1208 0 0
436 10274 1208 0 0
437 10274 1212 0 0
438 10274 1212 0 0
439 10274 1215 0 0
440 10274 1215 0 0
441 10274 1220 0 0
442 10274 1220 0 0
443 10274 1224 0 0
444 10274 1224 0 0
445 10274 1227 0 0
446 10274 1227 0 0
447 10274 1231 0 0
448 10274 1231 0 0
449 10274 1236 0 0
450 10274 1236 0 0
451 10274 1240 0 0
452 10274 1240 0 0
453 10274 1244 0 0
454 10274 1244 0 0
455 10274 1249 0 0
456 10274 1249 0 0
457 10274 1253 0 0
458 10274 1253 0 0
459 10274 1258 0 0
460 10274 1258 0 0
461 10274 1264 0 0
462 10274 1264 0 0
463 10274 1270 0 0
464 10274 1270 0 0
465 10274 1275 0 0
466 10274 1275 0 0
467 10274 1278 0 0
468 10274 1278 0 0
469 10274 1284 0 0
470 10274 1284 0 0
471 10274 1287 0 0
472 10274 1287 0 0
473 10274 1293 0 0
474 10274 1293 0 0
475 10274 1300 0 0
476 10274 1300 0 0
477 10274 1304 0 0
478 10274 1304 0 0
479 10274 1308 0 0
480 10274 1308 0 0
481 10274 1312 0 0
482 10274 1312 0 0
483 10274 1317 0 0
484 10274 1317 0 0
485 10274 1321 0 0
486 10274 1321 0 0
487 10274 1326 0 0
488 10274 1326 0 0
489 10274 1332 0 0
490 10274 1332 0 0
491 10274 1337 0 0
492 10274 1337 0 0
493 10274 1340 0 0
494 10274 1340 0 0
495 10274 1345 0 0
496 10274 1345 0 0
497 10274 1351 0 0
498 10274 1351 0 0
499 10274 1354 0 0
500 10274 1354 0 0
501 10274 1358 0 0
502 10274 1358 0 0
503 10274 1362 0 0
504 10274 1362 0 0
505 10274 1367 0 0
506 10274 1367 0 0
507 10274 1371 0 0
508 10274 1371 0 0
509 10274 1375 0 0
510 10274 1375 0 0
511 10274 1382 0 0
512 10274 1382 0 0
513 10274 1387 0 0
514 10274 1387 0 0
515 10274 1392 0 0
516 10274 1392 0 0
517 10274 1398 0 0
518 10274 1398 0 0
519 10274 1402 0 0
520 10274 1402 0 0
521 10274 1406 0 0
522 10274 1406 0 0
523 10274 1409 0 0
524 10274 1409 0 0
525 10274 1414 0 0
526 10274 1414 0 0
527 10274 1418 0 0
528 10274 1418 0 0
529 10274 1421 0 0
530 10274 1421 0 0
531 10274 1425 0 0
532 10274 1425 0 0
533 10274 1429 0 0
534 10274 1429 0 0
535 10274 1434 0 0
536 10274 1434 0 0
537 10274 1439 0 0
538 10274 1439 0 0
539 10274 1442 0 0
540 10274 1442 0 0
541 10274 1445 0 0
542 10274 1445 0 0
543 10274 1449 0 0
544 10274 1449 0 0
545 10274 1453 0 0
546 10274 1453 0 0
547 10274 1459 0 0
548 10274 1459 0 0
549 10274 1464 0 0
550 10274 1464 0 0
551 10274 1472 0 0
552 10274 1472 0 0
553 10274 1476 0 0
554 10274 1476 0 0
555 10274 1481 0 0
556 10274 1481 0 0
557 10274 1485 0 0
558 10274 1485 0 0
559 10274 1489 0 0
560 10274 1489 0 0
561 10274 1493 0 0
562 10274 1493 0 0
563 10274 1499 0 0
564 10274 1499 0 0
565 10274 1504 0 0
566 10274 1504 0 0
567 10274 1508 0 0
568 10274 1508 0 0
569 10274 1512 0 0
570 10274 1512 0 0
571 10274 1517 0 0
572 10274 1517 0 0
573 10274 1523 0 0
574 10274 1523 0 0
575 10274 1527 0 0
576 10274 1527 0 0
577 10274 1532 0 0
578 10274 1532 0 0
579 10274 1536 0 0
580 10274 1536 0 0
581 10274 1541 0 0
582 10274 1542 0 0
583 10274 1547 0 0
584 10274 1548 0 0
585 10274 1553 0 0
586 10274 1553 0 0
587 10274 1557 0 0
588 10274 1557 0 0
589 10274 1561 0 0
590 10274 1561 0 0
591 10274 1565 0 0
592 10274 1565 0 0
593 10274 1569 0 0
594 10274 1569 0 0
595 10274 1573 0 0
596 10274 1573 0 0
597 10274 1578 0 0
598 10274 1578 0 0
599 10274 1582 0 0
600 10274 1582 0 0
601 10274 1587 0 0
602 10274 1587 0 0
603 10274 1591 0 0
604 10274 1591 0 0
605 10274 1594 0 0
606 10274 1594 0 0
607 10274 1598 0 0
608 10274 1598 0 0
609 10274 1604 0 0
610 10274 1604 0 0
611 10274 1610 0 0
612 10274 1610 0 0
613 10274 1613 0 0
614 10274 1613 0 0
615 10274 1618 0 0
616 10274 1618 0 0
617 10274 1622 0 0
618 10274 1622 0 0
619 10274 1626 0 0
620 10274 1626 0 0
621 10274 1632 0 0
622 10274 1632 0 0
623 10274 1636 0 0
624 10274 1636 0 0
625 10274 1640 0 0
626 10274 1641 0 0
627 10274 1643 0 0
628 10274 1645 0 0
629 10274 1647 0 0
630 10274 1649 0 0
631 10274 1651 0 0
632 10274 1653 0 0
633 10274 1655 0 0
634 10274 1657 0 0
635 10274 1658 0 0
636 10274 1661 0 0
637 10274 1663 0 0
638 10274 1664 0 0
639 10274 1665 0 0
640 10274 1668 0 0
641 10274 1670 0 0
642 10274 1674 0 0
643 10274 1675 0 0
644 10274 1677 0 0
645 10274 1679 0 0
646 10274 1683 0 0
647 10274 1684 0 0
648 10274 1687 0 0
649 10274 1688 0 0
650 10274 1693 0 0
651 10274 1693 0 0
652 10274 1697 0 0
653 10274 1697 0 0
654 10274 1701 0 0
655 10274 1701 0 0
656 10274 1706 0 0
657 10274 1706 0 0
658 10274 1710 0 0
659 10274 1711 0 0
660 10274 1716 0 0
661 10274 1716 0 0
662 10274 1722 0 0
663 10274 1722 0 0
664 10274 1727 0 0
665 10274 1727 0 0
666 10274 1731 0 0
667 10274 1731 0 0
668 10274 1734 0 0
669 10274 1734 0 0
670 10274 1739 0 0
671 10274 1739 0 0
672 10274 1744 0 0
673 10274 1744 0 0
674 10274 1747 0 0
675 10274 1747 0 0
676 10274 1750 0 0
677 10274 1750 0 0
678 10274 1754 0 0
679 10274 1754 0 0
680 10274 1757 0 0
681 10274 1758 0 0
682 10274 1761 0 0
683 10274 1762 0 0
684 10274 1765 0 0
685 10274 1765 0 0
686 10274 1769 0 0
687 10274 1769 0 0
688 10274 1773 0 0
689 10274 1773 0 0
690 10274 1777 0 0
691 10274 1777 0 0
692 10274 1780 0 0
693 10274 1780 0 0
694 10274 1785 0 0
695 10274 1785 0 0
696 10274 1789 0 0
697 10274 1789 0 0
698 10274 1792 0 0
699 10274 1792 0 0
700 10274 1797 0 0
701 10274 1797 0 0
702 10274 1803 0 0
703 10274 1803 0 0
704 10274 1809 0 0
705 10274 1809 0 0
706 10274 1814 0 0
707 10274 1814 0 0
708 10274 1818 0 0
709 10274 1818 0 0
710 10274 1822 0 0
711 10274 1822 0 0
712 10274 1826 0 0
713 10274 1826 0 0
714 10274 1831 0 0
715 10274 1831 0 0
716 10274 1836 0 0
717 10274 1836 0 0
718 10274 1840 0 0
719 10274 1840 0 0
720 10274 1844 0 0
721 10274 1844 0 0
722 10274 1849 0 0
723 10274 1849 0 0
724 10274 1854 0 0
725 10274 1854 0 0
726 10274 1861 0 0
727 10274 1861 0 0
728 10274 1866 0 0
729 10274 1866 0 0
730 10274 1871 0 0
731 10274 1871 0 0
732 10274 1875 0 0
733 10274 1875 0 0
734 10274 1880 0 0
735 10274 1880 0 0
736 10274 1884 0 0
737 10274 1884 0 0
738 10274 1889 0 0
739 10274 1889 0 0
740 10274 1891 0 0
741 10274 1891 0 0
742 10274 1895 0 0
743 10274 1895 0 0
744 10274 1901 0 0
745 10274 1901 0 0
746 10274 1906 0 0
747 10274 1906 0 0
748 10274 1909 0 0
749 10274 1909 0 0
750 10274 1912 0 0
751 10274 1912 0 0
752 10274 1917 0 0
753 10274 1917 0 0
754 10274 1922 0 0
755 10274 1922 0 0
756 10274 1925 0 0
757 10274 1925 0 0
758 10274 1931 0 0
759 10274 1931 0 0
760 10274 1936 0 0
761 10274 1936 0 0
762 10274 1941 0 0
763 10274 1941 0 0
764 10274 1944 0 0
765 10274 1944 0 0
766 10274 1948 0 0
767 10274 1948 0 0
768 10274 1951 0 0
769 10274 1951 0 0
770 10274 1956 0 0
771 10274 1956 0 0
772 10274 1962 0 0
773 10274 1962 0 0
774 10274 1966 0 0
775 10274 1966 0 0
776 10274 1971 0 0
777 10274 1971 0 0
778 10274 1977 0 0
779 10274 1977 0 0
780 10274 1982 0 0
781 10274 1982 0 0
782 10274 1987 0 0
783 10274 1987 0 0
784 10274 1992 0 0
785 10274 1992 0 0
786 10274 1997 0 0
787 10274 1997 0 0
788 10274 2001 0 0
789 10274 2001 0 0
790 10274 2005 0 0
791 10274 2005 0 0
792 10274 2009 0 0
793 10274 2009 0 0
794 10274 2014 0 0
795 10274 2014 0 0
796 10274 2018 0 0
797 10274 2018 0 0
798 10274 2023 0 0
799 10274 2023 0 0
800 10274 2026 0 0
801 10274 2026 0 0
802 10274 2030 0 0
803 10274 2030 0 0
804 10274 2034 0 0
805 10274 2034 0 0
806 10274 2038 0 0
807 10274 2038 0 0
808 10274 2042 0 0
809 10274 2042 0 0
810 10274 2046 0 0
811 10274 2046 0 0
812 10274 2051 0 0
813 10274 2051 0 0
814 10274 2054 0 0
815 10274 2054 0 0
816 10274 2058 0 0
817 10274 2058 0 0
818 10274 2061 0 0
819 10274 2061 0 0
820 10274 2064 0 0
821 10274 2064 0 0
822 10274 2069 0 0
823 10274 2069 0 0
824 10274 2072 0 0
825 10274 2072 0 0
826 10274 2077 0 0
827 10274 2077 0 0
828 10274 2082 0 0
829 10274 2082 0 0
830 10274 2086 0 0
831 10274 2086 0 0
832 10274 2089 0 0
833 10274 2089 0 0
834 10274 2093 0 0
835 10274 2093 0 0
836 10274 2097 0 0
837 10274 2097 0 0
838 10274 2101 0 0
839 10274 2101 0 0
840 10274 2106 0 0
841 10274 2106 0 0
842 10274 2111 0 0
843 10274 2111 0 0
844 10274 2115 0 0
845 10274 2115 0 0
846 10274 2118 0 0
847 10274 2118 0 0
848 10274 2121 0 0
849 10274 2121 0 0
850 10274 2124 0 0
851 10274 2124 0 0
852 10274 2128 0 0
853 10274 2128 0 0
854 10274 2132 0 0
855 10274 2132 0 0
856 10274 2137 0 0
857 10274 2137 0 0
858 10274 2140 0 0
859 10274 2140 0 0
860 10274 2143 0 0
861 10274 2143 0 0
862 10274 2149 0 0
863 10274 2149 0 0
864 10274 2154 0 0
865 10274 2154 0 0
866 10274 2160 0 0
867 10274 2160 0 0
868 10274 2165 0 0
869 10274 2165 0 0
870 10274 2168 0 0
871 10274 2168 0 0
872 10274 2172 0 0
873 10274 2172 0 0
874 10274 2178 0 0
875 10274 2178 0 0
876 10274 2184 0 0
877 10274 2184 0 0
878 10274 2188 0 0
879 10274 2188 0 0
880 10274 2193 0 0
881 10274 2193 0 0
882 10274 2197 0 0
883 10274 2197 0 0
884 10274 2203 0 0
885 10274 2203 0 0
886 10274 2209 0 0
887 10274 2209 0 0
888 10274 2215 0 0
889 10274 2215 0 0
890 10274 2220 0 0
891 10274 2220 0 0
892 10274 2225 0 0
893 10274 2225 0 0
894 10274 2231 0 0
895 10274 2231 0 0
896 10274 2236 0 0
897 10274 2236 0 0
898 10274 2241 0 0
899 10274 2241 0 0
900 10274 2245 0 0
901 10274 2245 0 0
902 10274 2250 0 0
903 10274 2250 0 0
904 10274 2254 0 0
905 10274 2254 0 0
906 10274 2259 0 0
907 10274 2259 0 0
908 10274 2263 0 0
909 10274 2263 0 0
910 10274 2266 0 0
911 10274 2266 0 0
912 10274 2270 0 0
913 10274 2270 0 0
914 10274 2273 0 0
915 10274 2273 0 0
916 10274 2279 0 0
917 10274 2279 0 0
918 10274 2284 0 0
919 10274 2284 0 0
920 10274 2287 0 0
921 10274 2287 0 0
922 10274 2291 0 0
923 10274 2291 0 0
924 10274 2295 0 0
925 10274 2295 0 0
926 10274 2300 0 0
927 10274 2300 0 0
928 10274 2305 0 0
929 10274 2305 0 0
930 10274 2310 0 0
931 10274 2310 0 0
932 10274 2316 0 0
933 10274 2316 0 0
934 10274 2321 0 0
935 10274 2321 0 0
936 10274 2325 0 0
937 10274 2325 0 0
938 10274 2328 0 0
939 10274 2328 0 0
940 10274 2331 0 0
941 10274 2331 0 0
942 10274 2336 0 0
943 10274 2336 0 0
944 10274 2340 0 0
945 10274 2340 0 0
946 10274 2345 0 0
947 10274 2345 0 0
948 10274 2348 0 0
949 10274 2348 0 0
950 10274 2352 0 0
951 10274 2352 0 0
952 10274 2356 0 0
953 10274 2356 0 0
954 10274 2358 0 0
955 10274 2358 0 0
956 10274 2362 0 0
957 10274 2362 0 0
958 10274 2366 0 0
959 10274 2366 0 0
960 10274 2370 0 0
961 10274 2370 0 0
962 10274 2375 0 0
963 10274 2375 0 0
964 10274 2378 0 0
965 10274 2378 0 0
966 10274 2382 0 0
967 10274 2382 0 0
968 10274 2386 0 0
969 10274 2386 0 0
970 10274 2390 0 0
971 10274 2390 0 0
972 10274 2394 0 0
973 10274 2394 0 0
974 10274 2398 0 0
975 10274 2398 0 0
976 10274 2403 0 0
977 10274 2403 0 0
978 10274 2406 0 0
979 10274 2406 0 0
980 10274 2410 0 0
981 10274 2410 0 0
982 10274 2413 0 0
983 10274 2413 0 0
984 10274 2417 0 0
985 10274 2417 0 0
986 10274 2420 0 0
987 10274 2420 0 0
988 10274 2424 0 0
989 10274 2424 0 0
990 10274 2429 0 0
991 10274 2429 0 0
992 10274 2433 0 0
993 10274 2433 0 0
994 10274 2438 0 0
995 10274 2438 0 0
996 10274 2441 0 0
997 10274 2441 0 0
998 10274 2446 0 0
999 10274 2446 0 0
1000 10274 2450 0 0
1001 10274 2450 0 0
1002 10274 2454 0 0
1003 10274 2454 0 0
1004 10274 2459 0 0
1005 10274 2459 0 0
1006 10274 2463 0 0
1007 10274 2463 0 0
1008 10274 2467 0 0
1009 10274 2467 0 0
1010 10274 2471 0 0
1011 10274 2471 0 0
1012 10274 2477 0 0
1013 10274 2477 0 0
1014 10274 2481 0 0
1015 10274 2481 0 0
1016 10274 2484 0 0
1017 10274 2484 0 0
1018 10274 2488 0 0
1019 10274 2488 0 0
1020 10274 2493 0 0
1021 10274 2493 0 0
1022 10274 2497 0 0
1023 10274 2497 0 0
1024 10274 2503 0 0
1025 10274 2503 0 0
1026 10274 2506 0 0
1027 10274 2506 0 0
1028 10274 2513 0 0
1029 10274 2513 0 0
1030 10274 2518 0 0
1031 10274 2518 0 0
1032 10274 2522 0 0
1033 10274 2522 0 0
1034 10274 2525 0 0
1035 10274 2525 0 0
1036 10274 2528 0 0
1037 10274 2528 0 0
1038 10274 2533 0 0
1039 10274 2533 0 0
1040 10274 2538 0 0
1041 10274 2538 0 0
1042 10274 2542 0 0
1043 10274 2542 0 0
1044 10274 2548 0 0
1045 10274 2548 0 0
1046 10274 2552 0 0
1047 10274 2552 0 0
1048 10274 2554 0 0
1049 10274 2554 0 0
1050 10274 2558 0 0
1051 10274 2558 0 0
1052 10274 2562 0 0
1053 10274 2562 0 0
1054 10274 2567 0 0
1055 10274 2567 0 0
1056 10274 2572 0 0
1057 10274 2572 0 0
1058 10274 2575 0 0
1059 10274 2575 0 0
1060 10274 2579 0 0
1061 10274 2579 0 0
1062 10274 2585 0 0
1063 10274 2585 0 0
1064 10274 2590 0 0
1065 10274 2590 0 0
1066 10274 2594 0 0
1067 10274 2594 0 0
1068 10274 2599 0 0
1069 10274 2599 0 0
1070 10274 2604 0 0
1071 10274 2604 0 0
1072 10274 2609 0 0
1073 10274 2609 0 0
1074 10274 2614 0 0
1075 10274 2614 0 0
1076 10274 2618 0 0
1077 10274 2618 0 0
1078 10274 2622 0 0
1079 10274 2622 0 0
1080 10274 2628 0 0
1081 10274 2628 0 0
1082 10274 2632 0 0
1083 10274 2632 0 0
1084 10274 2639 0 0
1085 10274 2639 0 0
1086 10274 2644 0 0
1087 10274 2644 0 0
1088 10274 2648 0 0
1089 10274 2648 0 0
1090 10274 2651 0 0
1091 10274 2651 0 0
1092 10274 2654 0 0
1093 10274 2654 0 0
1094 10274 2659 0 0
1095 10274 2659 0 0
1096 10274 2664 0 0
1097 10274 2664 0 0
1098 10274 2668 0 0
1099 10274 2668 0 0
1100 10274 2672 0 0
1101 10274 2672 0 0
1102 10274 2674 0 0
1103 10274 2674 0 0
1104 10274 2679 0 0
1105 10274 2679 0 0
1106 10274 2683 0 0
1107 10274 2683 0 0
1108 10274 2686 0 0
1109 10274 2686 0 0
1110 10274 2690 0 0
1111 10274 2690 0 0
1112 10274 2693 0 0
1113 10274 2694 0 0
1114 10274 2700 0 0
1115 10274 2700 0 0
1116 10274 2704 0 0
1117 10274 2704 0 0
1118 10274 2709 0 0
1119 10274 2709 0 0
1120 10274 2716 0 0
1121 10274 2716 0 0
1122 10274 2720 0 0
1123 10274 2720 0 0
1124 10274 2724 0 0
1125 10274 2724 0 0
1126 10274 2730 0 0
1127 10274 2730 0 0
1128 10274 2734 0 0
1129 10274 2734 0 0
1130 10274 2738 0 0
1131 10274 2738 0 0
1132 10274 2742 0 0
1133 10274 2742 0 0
1134 10274 2748 0 0
1135 10274 2748 0 0
1136 10274 2752 0 0
1137 10274 2752 0 0
1138 10274 2758 0 0
1139 10274 2758 0 0
1140 10274 2764 0 0
1141 10274 2764 0 0
1142 10274 2768 0 0
1143 10274 2768 0 0
1144 10274 2772 0 0
1145 10274 2772 0 0
1146 10274 2778 0 0
1147 10274 2778 0 0
1148 10274 2783 0 0
1149 10274 2783 0 0
1150 10274 2786 0 0
1151 10274 2786 0 0
1152 10274 2790 0 0
1153 10274 2790 0 0
1154 10274 2793 0 0
1155 10274 2793 0 0
1156 10274 2797 0 0
1157 10274 2797 0 0
1158 10274 2801 0 0
1159 10274 2801 0 0
1160 10274 2805 0 0
1161 10274 2805 0 0
1162 10274 2810 0 0
1163 10274 2810 0 0
1164 10274 2813 0 0
1165 10274 2813 0 0
1166 10274 2817 0 0
1167 10274 2817 0 0
1168 10274 2823 0 0
1169 10274 2823 0 0
1170 10274 2828 0 0
1171 10274 2828 0 0
1172 10274 2833 0 0
1173 10274 2833 0 0
1174 10274 2838 0 0
1175 10274 2838 0 0
1176 10274 2841 0 0
1177 10274 2841 0 0
1178 10274 2844 0 0
1179 10274 2844 0 0
1180 10274 2848 0 0
1181 10274 2848 0 0
1182 10274 2852 0 0
1183 10274 2852 0 0
1184 10274 2856 0 0
1185 10274 2856 0 0
1186 10274 2860 0 0
1187 10274 2860 0 0
1188 10274 2863 0 0
1189 10274 2863 0 0
1190 10274 2866 0 0
1191 10274 2866 0 0
1192 10274 2871 0 0
1193 10274 2871 0 0
1194 10274 2875 0 0
1195 10274 2875 0 0
1196 10274 2879 0 0
1197 10274 2879 0 0
1198 10274 2884 0 0
1199 10274 2884 0 0
1200 10274 2888 0 0
1201 10274 2888 0 0
1202 10274 2893 0 0
1203 10274 2893 0 0
1204 10274 2896 0 0
1205 10274 2896 0 0
1206 10274 2899 0 0
1207 10274 2899 0 0
1208 10274 2902 0 0
1209 10274 2902 0 0
1210 10274 2906 0 0
1211 10274 2906 0 0
1212 10274 2909 0 0
1213 10274 2909 0 0
1214 10274 2913 0 0
1215 10274 2913 0 0
1216 10274 2918 0 0
1217 10274 2918 0 0
1218 10274 2922 0 0
1219 10274 2922 0 0
1220 10274 2926 0 0
1221 10274 2926 0 0
1222 10274 2932 0 0
1223 10274 2932 0 0
1224 10274 2934 0 0
1225 10274 2935 0 0
1226 10274 2939 0 0
1227 10274 2939 0 0
1228 10274 2943 0 0
1229 10274 2943 0 0
1230 10274 2947 0 0
1231 10274 2947 0 0
1232 10274 2951 0 0
1233 10274 2951 0 0
1234 10274 2955 0 0
1235 10274 2955 0 0
1236 10274 2958 0 0
1237 10274 2958 0 0
1238 10274 2961 0 0
1239 10274 2961 0 0
1240 10274 2966 0 0
1241 10274 2966 0 0
1242 10274 2972 0 0
1243 10274 2972 0 0
1244 10274 2976 0 0
1245 10274 2976 0 0
1246 10274 2981 0 0
1247 10274 2981 0 0
1248 10274 2985 0 0
1249 10274 2985 0 0
1250 10274 2987 0 0
1251 10274 2987 0 0
1252 10274 2990 0 0
1253 10274 2990 0 0
1254 10274 2995 0 0
1255 10274 2995 0 0
1256 10274 2999 0 0
1257 10274 2999 0 0
1258 10274 3003 0 0
1259 10274 3003 0 0
1260 10274 3007 0 0
1261 10274 3007 0 0
1262 10274 3012 0 0
1263 10274 3012 0 0
1264 10274 3016 0 0
1265 10274 3016 0 0
1266 10274 3019 0 0
1267 10274 3019 0 0
1268 10274 3024 0 0
1269 10274 3024 0 0
1270 10274 3028 0 0
1271 10274 3028 0 0
1272 10274 3032 0 0
1273 10274 3032 0 0
1274 10274 3036 0 0
1275 10274 3036 0 0
1276 10274 3041 0 0
1277 10274 3041 0 0
1278 10274 3043 0 0
1279 10274 3043 0 0
1280 10274 3047 0 0
1281 10274 3047 0 0
1282 10274 3051 0 0
1283 10274 3051 0 0
1284 10274 3055 0 0
1285 10274 3055 0 0
1286 10274 3059 0 0
1287 10274 3059 0 0
1288 10274 3064 0 0
1289 10274 3064 0 0
1290 10274 3068 0 0
1291 10274 3068 0 0
1292 10274 3072 0 0
1293 10274 3072 0 0
1294 10274 3075 0 0
1295 10274 3075 0 0
1296 10274 3078 0 0
1297 10274 3078 0 0
1298 10274 3085 0 0
1299 10274 3085 0 0
1300 10274 3090 0 0
1301 10274 3090 0 0
1302 10274 3094 0 0
1303 10274 3094 0 0
1304 10274 3098 0 0
1305 10274 3098 0 0
1306 10274 3103 0 0
1307 10274 3103 0 0
1308 10274 3106 0 0
1309 10274 3106 0 0
1310 10274 3111 0 0
1311 10274 3111 0 0
1312 10274 3115 0 0
1313 10274 3115 0 0
1314 10274 3119 0 0
1315 10274 3119 0 0
1316 10274 3122 0 0
1317 10274 3122 0 0
1318 10274 3126 0 0
1319 10274 3126 0 0
1320 10274 3130 0 0
1321 10274 3130 0 0
1322 10274 3135 0 0
1323 10274 3135 0 0
1324 10274 3139 0 0
1325 10274 3139 0 0
1326 10274 3144 0 0
1327 10274 3144 0 0
1328 10274 3149 0 0
1329 10274 3149 0 0
1330 10274 3155 0 0
1331 10274 3155 0 0
1332 10274 3159 0 0
1333 10274 3159 0 0
1334 10274 3163 0 0
1335 10274 3163 0 0
1336 10274 3165 0 0
1337 10274 3165 0 0
1338 10274 3170 0 0
1339 10274 3170 0 0
1340 10274 3174 0 0
1341 10274 3174 0 0
1342 10274 3179 0 0
1343 10274 3179 0 0
1344 10274 3184 0 0
1345 10274 3184 0 0
1346 10274 3187 0 0
1347 10274 3187 0 0
1348 10274 3189 0 0
1349 10274 3190 0 0
1350 10274 3193 0 0
1351 10274 3193 0 0
1352 10274 3197 0 0
1353 10274 3197 0 0
1354 10274 3199 0 0
1355 10274 3199 0 0
1356 10274 3203 0 0
1357 10274 3203 0 0
1358 10274 3206 0 0
1359 10274 3206 0 0
1360 10274 3209 0 0
1361 10274 3209 0 0
1362 10274 3215 0 0
1363 10274 3215 0 0
1364 10274 3219 0 0
1365 10274 3219 0 0
1366 10274 3224 0 0
1367 10274 3224 0 0
1368 10274 3230 0 0
1369 10274 3230 0 0
1370 10274 3236 0 0
1371 10274 3236 0 0
1372 10274 3240 0 0
1373 10274 3240 0 0
1374 10274 3245 0 0
1375 10274 3245 0 0
1376 10274 3250 0 0
1377 10274 3250 0 0
1378 10274 3253 0 0
1379 10274 3253 0 0
1380 10274 3258 0 0
1381 10274 3258 0 0
1382 10274 3261 0 0
1383 10274 3261 0 0
1384 10274 3266 0 0
1385 10274 3266 0 0
1386 10274 3270 0 0
1387 10274 3270 0 0
1388 10274 3273 0 0
1389 10274 3273 0 0
1390 10274 3277 0 0
1391 10274 3277 0 0
1392 10274 3280 0 0
1393 10274 3280 0 0
1394 10274 3286 0 0
1395 10274 3286 0 0
1396 10274 3290 0 0
1397 10274 3290 0 0
1398 10274 3294 0 0
1399 10274 3294 0 0
1400 10274 3297 0 0
1401 10274 3297 0 0
1402 10274 3300 0 0
1403 10274 3300 0 0
1404 10274 3304 0 0
1405 10274 3304 0 0
1406 10274 3308 0 0
1407 10274 3308 0 0
1408 10274 3313 0 0
1409 10274 3313 0 0
1410 10274 3317 0 0
1411 10274 3317 0 0
1412 10274 3320 0 0
1413 10274 3320 0 0
1414 10274 3327 0 0
1415 10274 3327 0 0
1416 10274 3333 0 0
1417 10274 3333 0 0
1418 10274 3339 0 0
1419 10274 3339 0 0
1420 10274 3343 0 0
1421 10274 3343 0 0
1422 10274 3348 0 0
1423 10274 3348 0 0
1424 10274 3351 0 0
1425 10274 3351 0 0
1426 10274 3356 0 0
1427 10274 3356 0 0
1428 10274 3360 0 0
1429 10274 3360 0 0
1430 10274 3366 0 0
1431 10274 3366 0 0
1432 10274 3371 0 0
1433 10274 3371 0 0
1434 10274 3374 0 0
1435 10274 3374 0 0
1436 10274 3377 0 0
1437 10274 3377 0 0
1438 10274 3381 0 0
1439 10274 3381 0 0
1440 10274 3386 0 0
1441 10274 3386 0 0
1442 10274 3391 0 0
1443 10274 3391 0 0
1444 10274 3396 0 0
1445 10274 3396 0 0
1446 10274 3399 0 0
1447 10274 3400 0 0
1448 10274 3406 0 0
1449 10274 3407 0 0
1450 10274 3411 0 0
1451 10274 3411 0 0
1452 10274 3417 0 0
1453 10274 3417 0 0
1454 10274 3421 0 0
1455 10274 3421 0 0
1456 10274 3426 0 0
1457 10274 3426 0 0
1458 10274 3430 0 0
1459 10274 3430 0 0
1460 10274 3434 0 0
1461 10274 3434 0 0
1462 10274 3438 0 0
1463 10274 3438 0 0
1464 10274 3443 0 0
1465 10274 3443 0 0
1466 10274 3447 0 0
1467 10274 3447 0 0
1468 10274 3452 0 0
1469 10274 3452 0 0
1470 10274 3456 0 0
1471 10274 3456 0 0
1472 10274 3460 0 0
1473 10274 3460 0 0
1474 10274 3463 0 0
1475 10274 3463 0 0
1476 10274 3466 0 0
1477 10274 3466 0 0
1478 10274 3470 0 0
1479 10274 3470 0 0
1480 10274 3475 0 0
1481 10274 3475 0 0
1482 10274 3479 0 0
1483 10274 3479 0 0
1484 10274 3486 0 0
1485 10274 3486 0 0
1486 10274 3490 0 0
1487 10274 3490 0 0
1488 10274 3495 0 0
1489 10274 3495 0 0
1490 10274 3500 0 0
1491 10274 3500 0 0
1492 10274 3506 0 0
1493 10274 3506 0 0
1494 10274 3509 0 0
1495 10274 3509 0 0
1496 10274 3513 0 0
1497 10274 3513 0 0
1498 10274 3518 0 0
1499 10274 3518 0 0
1500 10274 3522 0 0
1501 10274 3522 0 0
1502 10274 3526 0 0
1503 10274 3526 0 0
1504 10274 3531 0 0
1505 10274 3531 0 0
1506 10274 3534 0 0
1507 10274 3534 0 0
1508 10274 3537 0 0
1509 10274 3537 0 0
1510 10274 3542 0 0
1511 10274 3542 0 0
1512 10274 3546 0 0
1513 10274 3546 0 0
1514 10274 3551 0 0
1515 10274 3551 0 0
1516 10274 3555 0 0
1517 10274 3555 0 0
1518 10274 3558 0 0
1519 10274 3558 0 0
1520 10274 3562 0 0
1521 10274 3562 0 0
1522 10274 3565 0 0
1523 10274 3565 0 0
1524 10274 3570 0 0
1525 10274 3570 0 0
1526 10274 3574 0 0
1527 10274 3574 0 0
1528 10274 3579 0 0
1529 10274 3579 0 0
1530 10274 3584 0 0
1531 10274 3585 0 0
1532 10274 3588 0 0
1533 10274 3589 0 0
1534 10274 3592 0 0
1535 10274 3595 0 0
1536 10274 3597 0 0
1537 10274 3599 0 0
1538 10274 3600 0 0
1539 10274 3602 0 0
1540 10274 3603 0 0
1541 10274 3604 0 0
1542 10274 3606 0 0
1543 10274 3608 0 0
1544 10274 3611 0 0
1545 10274 3611 0 0
1546 10274 3616 0 0
1547 10274 3616 0 0
1548 10274 3621 0 0
1549 10274 3621 0 0
1550 10274 3624 0 0
1551 10274 3624 0 0
1552 10274 3628 0 0
1553 10274 3628 0 0
1554 10274 3631 0 0
1555 10274 3631 0 0
1556 10274 3633 0 0
1557 10274 3633 0 0
1558 10274 3638 0 0
1559 10274 3638 0 0
1560 10274 3643 0 0
1561 10274 3643 0 0
1562 10274 3647 0 0
1563 10274 3647 0 0
1564 10274 3652 0 0
1565 10274 3652 0 0
1566 10274 3656 0 0
1567 10274 3656 0 0
1568 10274 3661 0 0
1569 10274 3661 0 0
1570 10274 3666 0 0
1571 10274 3666 0 0
1572 10274 3670 0 0
1573 10274 3670 0 0
1574 10274 3675 0 0
1575 10274 3675 0 0
1576 10274 3679 0 0
1577 10274 3679 0 0
1578 10274 3682 0 0
1579 10274 3682 0 0
1580 10274 3685 0 0
1581 10274 3685 0 0
1582 10274 3688 0 0
1583 10274 3688 0 0
1584 10274 3692 0 0
1585 10274 3692 0 0
1586 10274 3697 0 0
1587 10274 3697 0 0
1588 10274 3701 0 0
1589 10274 3701 0 0
1590 10274 3704 0 0
1591 10274 3704 0 0
1592 10274 3708 0 0
1593 10274 3708 0 0
1594 10274 3712 0 0
1595 10274 3712 0 0
1596 10274 3715 0 0
1597 10274 3715 0 0
1598 10274 3718 0 0
1599 10274 3718 0 0
1600 10274 3722 0 0
1601 10274 3722 0 0
1602 10274 3726 0 0
1603 10274 3726 0 0
1604 10274 3730 0 0
1605 10274 3730 0 0
1606 10274 3735 0 0
1607 10274 3735 0 0
1608 10274 3741 0 0
1609 10274 3741 0 0
1610 10274 3746 0 0
1611 10274 3746 0 0
1612 10274 3750 0 0
1613 10274 3750 0 0
1614 10274 3755 0 0
1615 10274 3755 0 0
1616 10274 3758 0 0
1617 10274 3758 0 0
1618 10274 3763 0 0
1619 10274 3763 0 0
1620 10274 3766 0 0
1621 10274 3766 0 0
1622 10274 3772 0 0
1623 10274 3772 0 0
1624 10274 3776 0 0
1625 10274 3776 0 0
1626 10274 3781 0 0
1627 10274 3781 0 0
1628 10274 3787 0 0
1629 10274 3787 0 0
1630 10274 3794 0 0
1631 10274 3794 0 0
1632 10274 3798 0 0
1633 10274 3798 0 0
1634 10274 3802 0 0
1635 10274 3802 0 0
1636 10274 3806 0 0
1637 10274 3806 0 0
1638 10274 3810 0 0
1639 10274 3810 0 0
1640 10274 3817 0 0
1641 10274 3817 0 0
1642 10274 3822 0 0
1643 10274 3822 0 0
1644 10274 3826 0 0
1645 10274 3826 0 0
1646 10274 3829 0 0
1647 10274 3829 0 0
1648 10274 3833 0 0
1649 10274 3833 0 0
1650 10274 3838 0 0
1651 10274 3838 0 0
1652 10274 3843 0 0
1653 10274 3843 0 0
1654 10274 3846 0 0
1655 10274 3846 0 0
1656 10274 3851 0 0
1657 10274 3851 0 0
1658 10274 3855 0 0
1659 10274 3855 0 0
1660 10274 3860 0 0
1661 10274 3860 0 0
1662 10274 3864 0 0
1663 10274 3864 0 0
1664 10274 3869 0 0
1665 10274 3869 0 0
1666 10274 3873 0 0
1667 10274 3873 0 0
1668 10274 3878 0 0
1669 10274 3878 0 0
1670 10274 3881 0 0
1671 10274 3881 0 0
1672 10274 3884 0 0
1673 10274 3884 0 0
1674 10274 3887 0 0
1675 10274 3887 0 0
1676 10274 3890 0 0
1677 10274 3890 0 0
1678 10274 3893 0 0
1679 10274 3893 0 0
1680 10274 3897 0 0
1681 10274 3897 0 0
1682 10274 3902 0 0
1683 10274 3902 0 0
1684 10274 3907 0 0
1685 10274 3907 0 0
1686 10274 3911 0 0
1687 10274 3911 0 0
1688 10274 3915 0 0
1689 10274 3915 0 0
1690 10274 3920 0 0
1691 10274 3920 0 0
1692 10274 3925 0 0
1693 10274 3926 0 0
1694 10274 3929 0 0
1695 10274 3929 0 0
1696 10274 3933 0 0
1697 10274 3933 0 0
1698 10274 3938 0 0
1699 10274 3938 0 0
1700 10274 3942 0 0
1701 10274 3942 0 0
1702 10274 3945 0 0
1703 10274 3945 0 0
1704 10274 3949 0 0
1705 10274 3949 0 0
1706 10274 3952 0 0
1707 10274 3952 0 0
1708 10274 3955 0 0
1709 10274 3955 0 0
1710 10274 3959 0 0
1711 10274 3959 0 0
1712 10274 3963 0 0
1713 10274 3963 0 0
1714 10274 3968 0 0
1715 10274 3968 0 0
1716 10274 3974 0 0
1717 10274 3974 0 0
1718 10274 3977 0 0
1719 10274 3977 0 0
1720 10274 3981 0 0
1721 10274 3981 0 0
1722 10274 3985 0 0
1723 10274 3985 0 0
1724 10274 3989 0 0
1725 10274 3989 0 0
1726 10274 3994 0 0
1727 10274 3994 0 0
1728 10274 3997 0 0
1729 10274 3997 0 0
1730 10274 4001 0 0
1731 10274 4001 0 0
1732 10274 4006 0 0
1733 10274 4006 0 0
1734 10274 4009 0 0
1735 10274 4009 0 0
1736 10274 4014 0 0
1737 10274 4014 0 0
1738 10274 4020 0 0
1739 10274 4020 0 0
1740 10274 4024 0 0
1741 10274 4024 0 0
1742 10274 4029 0 0
1743 10274 4029 0 0
1744 10274 4034 0 0
1745 10274 4034 0 0
1746 10274 4039 0 0
1747 10274 4039 0 0
1748 10274 4041 0 0
1749 10274 4041 0 0
1750 10274 4045 0 0
1751 10274 4045 0 0
1752 10274 4050 0 0
1753 10274 4050 0 0
1754 10274 4054 0 0
1755 10274 4054 0 0
1756 10274 4058 0 0
1757 10274 4058 0 0
1758 10274 4066 0 0
1759 10274 4066 0 0
1760 10274 4069 0 0
1761 10274 4069 0 0
1762 10274 4073 0 0
1763 10274 4073 0 0
1764 10274 4076 0 0
1765 10274 4076 0 0
1766 10274 4080 0 0
1767 10274 4080 0 0
1768 10274 4085 0 0
1769 10274 4085 0 0
1770 10274 4089 0 0
1771 10274 4089 0 0
1772 10274 4092 0 0
1773 10274 4092 0 0
1774 10274 4096 0 0
1775 10274 4096 0 0
1776 10274 4099 0 0
1777 10274 4099 0 0
1778 10274 4103 0 0
1779 10274 4103 0 0
1780 10274 4107 0 0
1781 10274 4107 0 0
1782 10274 4111 0 0
1783 10274 4111 0 0
1784 10274 4115 0 0
1785 10274 4115 0 0
1786 10274 4122 0 0
1787 10274 4122 0 0
1788 10274 4127 0 0
1789 10274 4127 0 0
1790 10274 4130 0 0
1791 10274 4130 0 0
1792 10274 4134 0 0
1793 10274 4134 0 0
1794 10274 4137 0 0
1795 10274 4137 0 0
1796 10274 4141 0 0
1797 10274 4141 0 0
1798 10274 4146 0 0
1799 10274 4146 0 0
1800 10274 4150 0 0
1801 10274 4150 0 0
1802 10274 4155 0 0
1803 10274 4155 0 0
1804 10274 4160 0 0
1805 10274 4160 0 0
1806 10274 4164 0 0
1807 10274 4164 0 0
1808 10274 4167 0 0
1809 10274 4167 0 0
1810 10274 4170 0 0
1811 10274 4170 0 0
1812 10274 4175 0 0
1813 10274 4175 0 0
1814 10274 4182 0 0
1815 10274 4182 0 0
1816 10274 4187 0 0
1817 10274 4187 0 0
1818 10274 4193 0 0
1819 10274 4193 0 0
1820 10274 4198 0 0
1821 10274 4198 0 0
1822 10274 4204 0 0
1823 10274 4204 0 0
1824 10274 4210 0 0
1825 10274 4210 0 0
1826 10274 4215 0 0
1827 10274 4215 0 0
1828 10274 4218 0 0
1829 10274 4218 0 0
1830 10274 4224 0 0
1831 10274 4224 0 0
1832 10274 4229 0 0
1833 10274 4229 0 0
1834 10274 4233 0 0
1835 10274 4233 0 0
1836 10274 4237 0 0
1837 10274 4237 0 0
1838 10274 4241 0 0
1839 10274 4241 0 0
1840 10274 4247 0 0
1841 10274 4247 0 0
1842 10274 4251 0 0
1843 10274 4251 0 0
1844 10274 4255 0 0
1845 10274 4255 0 0
1846 10274 4258 0 0
1847 10274 4258 0 0
1848 10274 4262 0 0
1849 10274 4262 0 0
1850 10274 4266 0 0
1851 10274 4266 0 0
1852 10274 4269 0 0
1853 10274 4269 0 0
1854 10274 4272 0 0
1855 10274 4272 0 0
1856 10274 4275 0 0
1857 10274 4275 0 0
1858 10274 4280 0 0
1859 10274 4280 0 0
1860 10274 4284 0 0
1861 10274 4284 0 0
1862 10274 4287 0 0
1863 10274 4287 0 0
1864 10274 4290 0 0
1865 10274 4290 0 0
1866 10274 4293 0 0
1867 10274 4293 0 0
1868 10274 4296 0 0
1869 10274 4296 0 0
1870 10274 4300 0 0
1871 10274 4300 0 0
1872 10274 4303 0 0
1873 10274 4303 0 0
1874 10274 4308 0 0
1875 10274 4308 0 0
1876 10274 4312 0 0
1877 10274 4312 0 0
1878 10274 4316 0 0
1879 10274 4316 0 0
1880 10274 4319 0 0
1881 10274 4319 0 0
1882 10274 4322 0 0
1883 10274 4322 0 0
1884 10274 4327 0 0
1885 10274 4327 0 0
1886 10274 4332 0 0
1887 10274 4332 0 0
1888 10274 4336 0 0
1889 10274 4336 0 0
1890 10274 4340 0 0
1891 10274 4340 0 0
1892 10274 4345 0 0
1893 10274 4345 0 0
1894 10274 4351 0 0
1895 10274 4351 0 0
1896 10274 4355 0 0
1897 10274 4355 0 0
1898 10274 4359 0 0
1899 10274 4359 0 0
1900 10274 4362 0 0
1901 10274 4362 0 0
1902 10274 4368 0 0
1903 10274 4368 0 0
1904 10274 4375 0 0
1905 10274 4375 0 0
1906 10274 4380 0 0
1907 10274 4380 0 0
1908 10274 4385 0 0
1909 10274 4385 0 0
1910 10274 4389 0 0
1911 10274 4389 0 0
1912 10274 4393 0 0
1913 10274 4393 0 0
1914 10274 4397 0 0
1915 10274 4397 0 0
1916 10274 4404 0 0
1917 10274 4404 0 0
1918 10274 4407 0 0
1919 10274 4407 0 0
1920 10274 4412 0 0
1921 10274 4412 0 0
1922 10274 4416 0 0
1923 10274 4416 0 0
1924 10274 4420 0 0
1925 10274 4420 0 0
1926 10274 4423 0 0
1927 10274 4423 0 0
1928 10274 4428 0 0
1929 10274 4428 0 0
1930 10274 4433 0 0
1931 10274 4433 0 0
1932 10274 4437 0 0
1933 10274 4437 0 0
1934 10274 4441 0 0
1935 10274 4441 0 0
1936 10274 4445 0 0
1937 10274 4445 0 0
1938 10274 4449 0 0
1939 10274 4449 0 0
1940 10274 4454 0 0
1941 10274 4454 0 0
1942 10274 4458 0 0
1943 10274 4458 0 0
1944 10274 4463 0 0
1945 10274 4463 0 0
1946 10274 4467 0 0
1947 10274 4467 0 0
1948 10274 4471 0 0
1949 10274 4471 0 0
1950 10274 4473 0 0
1951 10274 4473 0 0
1952 10274 4479 0 0
1953 10274 4479 0 0
1954 10274 4482 0 0
1955 10274 4482 0 0
1956 10274 4487 0 0
1957 10274 4487 0 0
1958 10274 4490 0 0
1959 10274 4490 0 0
1960 10274 4496 0 0
1961 10274 4496 0 0
1962 10274 4503 0 0
1963 10274 4503 0 0
1964 10274 4507 0 0
1965 10274 4507 0 0
1966 10274 4512 0 0
1967 10274 4512 0 0
1968 10274 4516 0 0
1969 10274 4516 0 0
1970 10274 4520 0 0
1971 10274 4520 0 0
1972 10274 4524 0 0
1973 10274 4524 0 0
1974 10274 4529 0 0
1975 10274 4529 0 0
1976 10274 4533 0 0
1977 10274 4533 0 0
1978 10274 4539 0 0
1979 10274 4539 0 0
1980 10274 4545 0 0
1981 10274 4545 0 0
1982 10274 4549 0 0
1983 10274 4549 0 0
1984 10274 4555 0 0
1985 10274 4556 0 0
1986 10274 4561 0 0
1987 10274 4561 0 0
1988 10274 4566 0 0
1989 10274 4566 0 0
1990 10274 4570 0 0
1991 10274 4570 0 0
1992 10274 4575 0 0
1993 10274 4575 0 0
1994 10274 4581 0 0
1995 10274 4581 0 0
1996 10274 4585 0 0
1997 10274 4585 0 0
1998 10274 4589 0 0
1999 10274 4589 0 0
2000 10274 4593 0 0
2001 10274 4593 0 0
2002 10274 4597 0 0
2003 10274 4597 0 0
2004 10274 4603 0 0
2005 10274 4603 0 0
2006 10274 4607 0 0
2007 10274 4608 0 0
2008 10274 4612 0 0
2009 10274 4613 0 0
2010 10274 4617 0 0
2011 10274 4618 0 0
2012 10274 4620 0 0
2013 10274 4621 0 0
2014 10274 4624 0 0
2015 10274 4624 0 0
2016 10274 4627 0 0
2017 10274 4627 0 0
2018 10274 4632 0 0
2019 10274 4632 0 0
2020 10274 4636 0 0
2021 10274 4636 0 0
2022 10274 4641 0 0
2023 10274 4641 0 0
2024 10274 4644 0 0
2025 10274 4644 0 0
2026 10274 4649 0 0
2027 10274 4649 0 0
2028 10274 4653 0 0
2029 10274 4653 0 0
2030 10274 4658 0 0
2031 10274 4658 0 0
2032 10274 4664 0 0
2033 10274 4664 0 0
2034 10274 4669 0 0
2035 10274 4669 0 0
2036 10274 4674 0 0
2037 10274 4674 0 0
2038 10274 4682 0 0
2039 10274 4682 0 0
2040 10274 4687 0 0
2041 10274 4687 0 0
2042 10274 4691 0 0
2043 10274 4691 0 0
2044 10274 4697 0 0
2045 10274 4697 0 0
2046 10274 4701 0 0
2047 10274 4701 0 0
2048 10274 4706 0 0
2049 10274 4706 0 0
2050 10274 4710 0 0
2051 10274 4710 0 0
2052 10274 4715 0 0
2053 10274 4715 0 0
2054 10274 4718 0 0
2055 10274 4718 0 0
2056 10274 4721 0 0
2057 10274 4721 0 0
2058 10274 4725 0 0
2059 10274 4725 0 0
2060 10274 4730 0 0
2061 10274 4730 0 0
2062 10274 4733 0 0
2063 10274 4733 0 0
2064 10274 4737 0 0
2065 10274 4737 0 0
2066 10274 4740 0 0
2067 10274 4740 0 0
2068 10274 4744 0 0
2069 10274 4744 0 0
2070 10274 4749 0 0
2071 10274 4749 0 0
2072 10274 4752 0 0
2073 10274 4752 0 0
2074 10274 4758 0 0
2075 10274 4758 0 0
2076 10274 4762 0 0
2077 10274 4762 0 0
2078 10274 4765 0 0
2079 10274 4765 0 0
2080 10274 4770 0 0
2081 10274 4770 0 0
2082 10274 4776 0 0
2083 10274 4776 0 0
2084 10274 4782 0 0
2085 10274 4782 0 0
2086 10274 4786 0 0
2087 10274 4786 0 0
2088 10274 4791 0 0
2089 10274 4791 0 0
2090 10274 4795 0 0
2091 10274 4795 0 0
2092 10274 4799 0 0
2093 10274 4799 0 0
2094 10274 4802 0 0
2095 10274 4802 0 0
2096 10274 4806 0 0
2097 10274 4806 0 0
2098 10274 4812 0 0
2099 10274 4812 0 0
2100 10274 4817 0 0
2101 10274 4817 0 0
2102 10274 4821 0 0
2103 10274 4821 0 0
2104 10274 4826 0 0
2105 10274 4826 0 0
2106 10274 4831 0 0
2107 10274 4831 0 0
2108 10274 4834 0 0
2109 10274 4834 0 0
2110 10274 4838 0 0
2111 10274 4838 0 0
2112 10274 4843 0 0
2113 10274 4843 0 0
2114 10274 4847 0 0
2115 10274 4847 0 0
2116 10274 4852 0 0
2117 10274 4852 0 0
2118 10274 4857 0 0
2119 10274 4857 0 0
2120 10274 4861 0 0
2121 10274 4861 0 0
2122 10274 4865 0 0
2123 10274 4865 0 0
2124 10274 4869 0 0
2125 10274 4869 0 0
2126 10274 4875 0 0
2127 10274 4875 0 0
2128 10274 4879 0 0
2129 10274 4879 0 0
2130 10274 4884 0 0
2131 10274 4884 0 0
2132 10274 4890 0 0
2133 10274 4890 0 0
2134 10274 4894 0 0
2135 10274 4895 0 0
2136 10274 4899 0 0
2137 10274 4899 0 0
2138 10274 4904 0 0
2139 10274 4904 0 0
2140 10274 4907 0 0
2141 10274 4907 0 0
2142 10274 4911 0 0
2143 10274 4911 0 0
2144 10274 4914 0 0
2145 10274 4914 0 0
2146 10274 4917 0 0
2147 10274 4917 0 0
2148 10274 4921 0 0
2149 10274 4921 0 0
2150 10274 4927 0 0
2151 10274 4927 0 0
2152 10274 4930 0 0
2153 10274 4930 0 0
2154 10274 4934 0 0
2155 10274 4934 0 0
2156 10274 4939 0 0
2157 10274 4939 0 0
2158 10274 4943 0 0
2159 10274 4943 0 0
2160 10274 4946 0 0
2161 10274 4946 0 0
2162 10274 4949 0 0
2163 10274 4949 0 0
2164 10274 4954 0 0
2165 10274 4954 0 0
2166 10274 4957 0 0
2167 10274 4957 0 0
2168 10274 4961 0 0
2169 10274 4961 0 0
2170 10274 4964 0 0
2171 10274 4964 0 0
2172 10274 4968 0 0
2173 10274 4968 0 0
2174 10274 4972 0 0
2175 10274 4972 0 0
2176 10274 4975 0 0
2177 10274 4975 0 0
2178 10274 4980 0 0
2179 10274 4980 0 0
2180 10274 4982 0 0
2181 10274 4982 0 0
2182 10274 4986 0 0
2183 10274 4986 0 0
2184 10274 4989 0 0
2185 10274 4989 0 0
2186 10274 4995 0 0
2187 10274 4995 0 0
2188 10274 4998 0 0
2189 10274 4998 0 0
2190 10274 5002 0 0
2191 10274 5002 0 0
2192 10274 5004 0 0
2193 10274 5004 0 0
2194 10274 5009 0 0
2195 10274 5009 0 0
2196 10274 5013 0 0
2197 10274 5013 0 0
2198 10274 5016 0 0
2199 10274 5016 0 0
2200 10274 5019 0 0
2201 10274 5019 0 0
2202 10274 5022 0 0
2203 10274 5022 0 0
2204 10274 5027 0 0
2205 10274 5027 0 0
2206 10274 5033 0 0
2207 10274 5033 0 0
2208 10274 5037 0 0
2209 10274 5037 0 0
2210 10274 5042 0 0
2211 10274 5042 0 0
2212 10274 5046 0 0
2213 10274 5046 0 0
2214 10274 5050 0 0
2215 10274 5050 0 0
2216 10274 5054 0 0
2217 10274 5054 0 0
2218 10274 5057 0 0
2219 10274 5057 0 0
2220 10274 5063 0 0
2221 10274 5063 0 0
2222 10274 5068 0 0
2223 10274 5068 0 0
2224 10274 5073 0 0
2225 10274 5073 0 0
2226 10274 5080 0 0
2227 10274 5080 0 0
2228 10274 5083 0 0
2229 10274 5084 0 0
2230 10274 5090 0 0
2231 10274 5090 0 0
2232 10274 5094 0 0
2233 10274 5094 0 0
2234 10274 5098 0 0
2235 10274 5098 0 0
2236 10274 5103 0 0
2237 10274 5103 0 0
2238 10274 5108 0 0
2239 10274 5108 0 0
2240 10274 5115 0 0
2241 10274 5115 0 0
2242 10274 5118 0 0
2243 10274 5118 0 0
2244 10274 5122 0 0
2245 10274 5122 0 0
2246 10274 5125 0 0
2247 10274 5125 0 0
2248 10274 5129 0 0
2249 10274 5129 0 0
2250 10274 5134 0 0
2251 10274 5134 0 0
2252 10274 5139 0 0
2253 10274 5139 0 0
2254 10274 5144 0 0
2255 10274 5144 0 0
2256 10274 5149 0 0
2257 10274 5149 0 0
2258 10274 5154 0 0
2259 10274 5154 0 0
2260 10274 5158 0 0
2261 10274 5158 0 0
2262 10274 5164 0 0
2263 10274 5164 0 0
2264 10274 5168 0 0
2265 10274 5168 0 0
2266 10274 5172 0 0
2267 10274 5172 0 0
2268 10274 5176 0 0
2269 10274 5176 0 0
2270 10274 5181 0 0
2271 10274 5181 0 0
2272 10274 5185 0 0
2273 10274 5185 0 0
2274 10274 5190 0 0
2275 10274 5190 0 0
2276 10274 5195 0 0
2277 10274 5195 0 0
2278 10274 5199 0 0
2279 10274 5199 0 0
2280 10274 5205 0 0
2281 10274 5205 0 0
2282 10274 5209 0 0
2283 10274 5209 0 0
2284 10274 5213 0 0
2285 10274 5213 0 0
2286 10274 5218 0 0
2287 10274 5218 0 0
2288 10274 5225 0 0
2289 10274 5225 0 0
2290 10274 5229 0 0
2291 10274 5229 0 0
2292 10274 5232 0 0
2293 10274 5232 0 0
2294 10274 5236 0 0
2295 10274 5236 0 0
2296 10274 5241 0 0
2297 10274 5241 0 0
2298 10274 5245 0 0
2299 10274 5245 0 0
2300 10274 5250 0 0
2301 10274 5250 0 0
2302 10274 5254 0 0
2303 10274 5254 0 0
2304 10274 5258 0 0
2305 10274 5258 0 0
2306 10274 5262 0 0
2307 10274 5262 0 0
2308 10274 5269 0 0
2309 10274 5269 0 0
2310 10274 5272 0 0
2311 10274 5272 0 0
2312 10274 5276 0 0
2313 10274 5276 0 0
2314 10274 5280 0 0
2315 10274 5280 0 0
2316 10274 5286 0 0
2317 10274 5286 0 0
2318 10274 5290 0 0
2319 10274 5290 0 0
2320 10274 5294 0 0
2321 10274 5294 0 0
2322 10274 5302 0 0
2323 10274 5302 0 0
2324 10274 5306 0 0
2325 10274 5306 0 0
2326 10274 5309 0 0
2327 10274 5309 0 0
2328 10274 5313 0 0
2329 10274 5313 0 0
2330 10274 5317 0 0
2331 10274 5317 0 0
2332 10274 5323 0 0
2333 10274 5323 0 0
2334 10274 5329 0 0
2335 10274 5329 0 0
2336 10274 5332 0 0
2337 10274 5332 0 0
2338 10274 5336 0 0
2339 10274 5336 0 0
2340 10274 5341 0 0
2341 10274 5341 0 0
2342 10274 5343 0 0
2343 10274 5343 0 0
2344 10274 5347 0 0
2345 10274 5347 0 0
2346 10274 5352 0 0
2347 10274 5352 0 0
2348 10274 5356 0 0
2349 10274 5356 0 0
2350 10274 5362 0 0
2351 10274 5362 0 0
2352 10274 5367 0 0
2353 10274 5367 0 0
2354 10274 5372 0 0
2355 10274 5372 0 0
2356 10274 5375 0 0
2357 10274 5375 0 0
2358 10274 5379 0 0
2359 10274 5379 0 0
2360 10274 5384 0 0
2361 10274 5384 0 0
2362 10274 5387 0 0
2363 10274 5387 0 0
2364 10274 5391 0 0
2365 10274 5391 0 0
2366 10274 5395 0 0
2367 10274 5395 0 0
2368 10274 5398 0 0
2369 10274 5398 0 0
2370 10274 5403 0 0
2371 10274 5403 0 0
2372 10274 5408 0 0
2373 10274 5408 0 0
2374 10274 5411 0 0
2375 10274 5411 0 0
2376 10274 5414 0 0
2377 10274 5414 0 0
2378 10274 5419 0 0
2379 10274 5419 0 0
2380 10274 5422 0 0
2381 10274 5422 0 0
2382 10274 5426 0 0
2383 10274 5426 0 0
2384 10274 5431 0 0
2385 10274 5431 0 0
2386 10274 5434 0 0
2387 10274 5434 0 0
2388 10274 5437 0 0
2389 10274 5437 0 0
2390 10274 5441 0 0
2391 10274 5441 0 0
2392 10274 5446 0 0
2393 10274 5446 0 0
2394 10274 5451 0 0
2395 10274 5451 0 0
2396 10274 5456 0 0
2397 10274 5456 0 0
2398 10274 5460 0 0
2399 10274 5460 0 0
2400 10274 5463 0 0
2401 10274 5463 0 0
2402 10274 5467 0 0
2403 10274 5467 0 0
2404 10274 5470 0 0
2405 10274 5470 0 0
2406 10274 5474 0 0
2407 10274 5474 0 0
2408 10274 5478 0 0
2409 10274 5478 0 0
2410 10274 5483 0 0
2411 10274 5483 0 0
2412 10274 5487 0 0
2413 10274 5487 0 0
2414 10274 5492 0 0
2415 10274 5492 0 0
2416 10274 5497 0 0
2417 10274 5497 0 0
2418 10274 5502 0 0
2419 10274 5502 0 0
2420 10274 5507 0 0
2421 10274 5507 0 0
2422 10274 5511 0 0
2423 10274 5511 0 0
2424 10274 5514 0 0
2425 10274 5514 0 0
2426 10274 5518 0 0
2427 10274 5518 0 0
2428 10274 5523 0 0
2429 10274 5523 0 0
2430 10274 5527 0 0
2431 10274 5527 0 0
2432 10274 5529 0 0
2433 10274 5529 0 0
2434 10274 5534 0 0
2435 10274 5534 0 0
2436 10274 5538 0 0
2437 10274 5538 0 0
2438 10274 5544 0 0
2439 10274 5544 0 0
2440 10274 5548 0 0
2441 10274 5548 0 0
2442 10274 5555 0 0
2443 10274 5555 0 0
2444 10274 5558 0 0
2445 10274 5558 0 0
2446 10274 5563 0 0
2447 10274 5563 0 0
2448 10274 5568 0 0
2449 10274 5568 0 0
2450 10274 5572 0 0
2451 10274 5572 0 0
2452 10274 5577 0 0
2453 10274 5577 0 0
2454 10274 5581 0 0
2455 10274 5581 0 0
2456 10274 5585 0 0
2457 10274 5585 0 0
2458 10274 5589 0 0
2459 10274 5589 0 0
2460 10274 5592 0 0
2461 10274 5592 0 0
2462 10274 5596 0 0
2463 10274 5596 0 0
2464 10274 5602 0 0
2465 10274 5602 0 0
2466 10274 5606 0 0
2467 10274 5606 0 0
2468 10274 5613 0 0
2469 10274 5613 0 0
2470 10274 5618 0 0
2471 10274 5618 0 0
2472 10274 5623 0 0
2473 10274 5623 0 0
2474 10274 5629 0 0
2475 10274 5629 0 0
2476 10274 5634 0 0
2477 10274 5634 0 0
2478 10274 5638 0 0
2479 10274 5638 0 0
2480 10274 5642 0 0
2481 10274 5642 0 0
2482 10274 5645 0 0
2483 10274 5645 0 0
2484 10274 5649 0 0
2485 10274 5649 0 0
2486 10274 5652 0 0
2487 10274 5652 0 0
2488 10274 5656 0 0
2489 10274 5656 0 0
2490 10274 5659 0 0
2491 10274 5659 0 0
2492 10274 5663 0 0
2493 10274 5663 0 0
2494 10274 5668 0 0
2495 10274 5668 0 0
2496 10274 5671 0 0
2497 10274 5671 0 0
2498 10274 5676 0 0
2499 10274 5676 0 0
2500 10274 5679 0 0
2501 10274 5679 0 0
2502 10274 5683 0 0
2503 10274 5683 0 0
2504 10274 5687 0 0
2505 10274 5687 0 0
2506 10274 5689 0 0
2507 10274 5689 0 0
2508 10274 5693 0 0
2509 10274 5693 0 0
2510 10274 5697 0 0
2511 10274 5697 0 0
2512 10274 5701 0 0
2513 10274 5701 0 0
2514 10274 5706 0 0
2515 10274 5706 0 0
2516 10274 5711 0 0
2517 10274 5711 0 0
2518 10274 5718 0 0
2519 10274 5718 0 0
2520 10274 5725 0 0
2521 10274 5725 0 0
2522 10274 5729 0 0
2523 10274 5729 0 0
2524 10274 5734 0 0
2525 10274 5734 0 0
2526 10274 5738 0 0
2527 10274 5738 0 0
2528 10274 5742 0 0
2529 10274 5742 0 0
2530 10274 5747 0 0
2531 10274 5747 0 0
2532 10274 5752 0 0
2533 10274 5752 0 0
2534 10274 5756 0 0
2535 10274 5756 0 0
2536 10274 5760 0 0
2537 10274 5760 0 0
2538 10274 5765 0 0
2539 10274 5765 0 0
2540 10274 5770 0 0
2541 10274 5770 0 0
2542 10274 5775 0 0
2543 10274 5775 0 0
2544 10274 5778 0 0
2545 10274 5778 0 0
2546 10274 5783 0 0
2547 10274 5783 0 0
2548 10274 5785 0 0
2549 10274 5785 0 0
2550 10274 5788 0 0
2551 10274 5788 0 0
2552 10274 5792 0 0
2553 10274 5792 0 0
2554 10274 5796 0 0
2555 10274 5796 0 0
2556 10274 5800 0 0
2557 10274 5800 0 0
2558 10274 5804 0 0
2559 10274 5804 0 0
2560 10274 5807 0 0
2561 10274 5807 0 0
2562 10274 5811 0 0
2563 10274 5811 0 0
2564 10274 5816 0 0
2565 10274 5816 0 0
2566 10274 5820 0 0
2567 10274 5820 0 0
2568 10274 5827 0 0
2569 10274 5827 0 0
2570 10274 5831 0 0
2571 10274 5831 0 0
2572 10274 5834 0 0
2573 10274 5834 0 0
2574 10274 5838 0 0
2575 10274 5838 0 0
2576 10274 5844 0 0
2577 10274 5844 0 0
2578 10274 5848 0 0
2579 10274 5848 0 0
2580 10274 5853 0 0
2581 10274 5853 0 0
2582 10274 5857 0 0
2583 10274 5857 0 0
2584 10274 5862 0 0
2585 10274 5862 0 0
2586 10274 5865 0 0
2587 10274 5865 0 0
2588 10274 5868 0 0
2589 10274 5868 0 0
2590 10274 5873 0 0
2591 10274 5873 0 0
2592 10274 5876 0 0
2593 10274 5876 0 0
2594 10274 5880 0 0
2595 10274 5880 0 0
2596 10274 5884 0 0
2597 10274 5884 0 0
2598 10274 5888 0 0
2599 10274 5888 0 0
2600 10274 5892 0 0
2601 10274 5892 0 0
2602 10274 5897 0 0
2603 10274 5897 0 0
2604 10274 5902 0 0
2605 10274 5902 0 0
2606 10274 5908 0 0
2607 10274 5908 0 0
2608 10274 5912 0 0
2609 10274 5912 0 0
2610 10274 5916 0 0
2611 10274 5916 0 0
2612 10274 5920 0 0
2613 10274 5920 0 0
2614 10274 5925 0 0
2615 10274 5925 0 0
2616 10274 5928 0 0
2617 10274 5928 0 0
2618 10274 5930 0 0
2619 10274 5930 0 0
2620 10274 5938 0 0
2621 10274 5938 0 0
2622 10274 5942 0 0
2623 10274 5942 0 0
2624 10274 5947 0 0
2625 10274 5947 0 0
2626 10274 5951 0 0
2627 10274 5951 0 0
2628 10274 5955 0 0
2629 10274 5955 0 0
2630 10274 5959 0 0
2631 10274 5959 0 0
2632 10274 5963 0 0
2633 10274 5963 0 0
2634 10274 5967 0 0
2635 10274 5967 0 0
2636 10274 5973 0 0
2637 10274 5973 0 0
2638 10274 5978 0 0
2639 10274 5978 0 0
2640 10274 5982 0 0
2641 10274 5982 0 0
2642 10274 5987 0 0
2643 10274 5987 0 0
2644 10274 5991 0 0
2645 10274 5991 0 0
2646 10274 5994 0 0
2647 10274 5994 0 0
2648 10274 5999 0 0
2649 10274 5999 0 0
2650 10274 6004 0 0
2651 10274 6004 0 0
2652 10274 6011 0 0
2653 10274 6011 0 0
2654 10274 6015 0 0
2655 10274 6015 0 0
2656 10274 6018 0 0
2657 10274 6018 0 0
2658 10274 6024 0 0
2659 10274 6024 0 0
2660 10274 6028 0 0
2661 10274 6028 0 0
2662 10274 6031 0 0
2663 10274 6031 0 0
2664 10274 6036 0 0
2665 10274 6036 0 0
2666 10274 6039 0 0
2667 10274 6040 0 0
2668 10274 6043 0 0
2669 10274 6043 0 0
2670 10274 6047 0 0
2671 10274 6047 0 0
2672 10274 6050 0 0
2673 10274 6050 0 0
2674 10274 6054 0 0
2675 10274 6054 0 0
2676 10274 6056 0 0
2677 10274 6057 0 0
2678 10274 6060 0 0
2679 10274 6061 0 0
2680 10274 6063 0 0
2681 10274 6064 0 0
2682 10274 6067 0 0
2683 10274 6069 0 0
2684 10274 6071 0 0
2685 10274 6073 0 0
2686 10274 6074 0 0
2687 10274 6075 0 0
2688 10274 6076 0 0
2689 10274 6079 0 0
2690 10274 6080 0 0
2691 10274 6083 0 0
2692 10274 6084 0 0
2693 10274 6088 0 0
2694 10274 6089 0 0
2695 10274 6093 0 0
2696 10274 6094 0 0
2697 10274 6098 0 0
2698 10274 6099 0 0
2699 10274 6101 0 0
2700 10274 6102 0 0
2701 10274 6104 0 0
2702 10274 6105 0 0
2703 10274 6108 0 0
2704 10274 6109 0 0
2705 10274 6112 0 0
2706 10274 6113 0 0
2707 10274 6118 0 0
2708 10274 6119 0 0
2709 10274 6123 0 0
2710 10274 6124 0 0
2711 10274 6128 0 0
2712 10274 6129 0 0
2713 10274 6134 0 0
2714 10274 6134 0 0
2715 10274 6138 0 0
2716 10274 6138 0 0
2717 10274 6142 0 0
2718 10274 6142 0 0
2719 10274 6145 0 0
2720 10274 6145 0 0
2721 10274 6151 0 0
2722 10274 6151 0 0
2723 10274 6156 0 0
2724 10274 6156 0 0
2725 10274 6162 0 0
2726 10274 6162 0 0
2727 10274 6166 0 0
2728 10274 6166 0 0
2729 10274 6169 0 0
2730 10274 6169 0 0
2731 10274 6175 0 0
2732 10274 6175 0 0
2733 10274 6180 0 0
2734 10274 6180 0 0
2735 10274 6184 0 0
2736 10274 6184 0 0
2737 10274 6187 0 0
2738 10274 6187 0 0
2739 10274 6193 0 0
2740 10274 6193 0 0
2741 10274 6196 0 0
2742 10274 6196 0 0
2743 10274 6201 0 0
2744 10274 6201 0 0
2745 10274 6205 0 0
2746 10274 6205 0 0
2747 10274 6210 0 0
2748 10274 6210 0 0
2749 10274 6214 0 0
2750 10274 6214 0 0
2751 10274 6217 0 0
2752 10274 6217 0 0
2753 10274 6221 0 0
2754 10274 6221 0 0
2755 10274 6223 0 0
2756 10274 6223 0 0
2757 10274 6226 0 0
2758 10274 6226 0 0
2759 10274 6229 0 0
2760 10274 6229 0 0
2761 10274 6235 0 0
2762 10274 6235 0 0
2763 10274 6239 0 0
2764 10274 6239 0 0
2765 10274 6243 0 0
2766 10274 6243 0 0
2767 10274 6247 0 0
2768 10274 6247 0 0
2769 10274 6252 0 0
2770 10274 6252 0 0
2771 10274 6257 0 0
2772 10274 6257 0 0
2773 10274 6260 0 0
2774 10274 6260 0 0
2775 10274 6265 0 0
2776 10274 6265 0 0
2777 10274 6268 0 0
2778 10274 6268 0 0
2779 10274 6273 0 0
2780 10274 6273 0 0
2781 10274 6278 0 0
2782 10274 6278 0 0
2783 10274 6281 0 0
2784 10274 6281 0 0
2785 10274 6284 0 0
2786 10274 6284 0 0
2787 10274 6287 0 0
2788 10274 6287 0 0
2789 10274 6291 0 0
2790 10274 6291 0 0
2791 10274 6295 0 0
2792 10274 6295 0 0
2793 10274 6298 0 0
2794 10274 6298 0 0
2795 10274 6303 0 0
2796 10274 6303 0 0
2797 10274 6307 0 0
2798 10274 6307 0 0
2799 10274 6311 0 0
2800 10274 6311 0 0
2801 10274 6317 0 0
2802 10274 6317 0 0
2803 10274 6322 0 0
2804 10274 6322 0 0
2805 10274 6326 0 0
2806 10274 6326 0 0
2807 10274 6332 0 0
2808 10274 6332 0 0
2809 10274 6338 0 0
2810 10274 6338 0 0
2811 10274 6340 0 0
2812 10274 6340 0 0
2813 10274 6344 0 0
2814 10274 6344 0 0
2815 10274 6350 0 0
2816 10274 6350 0 0
2817 10274 6355 0 0
2818 10274 6355 0 0
2819 10274 6359 0 0
2820 10274 6359 0 0
2821 10274 6364 0 0
2822 10274 6364 0 0
2823 10274 6369 0 0
2824 10274 6369 0 0
2825 10274 6373 0 0
2826 10274 6373 0 0
2827 10274 6376 0 0
2828 10274 6376 0 0
2829 10274 6381 0 0
2830 10274 6381 0 0
2831 10274 6385 0 0
2832 10274 6385 0 0
2833 10274 6390 0 0
2834 10274 6390 0 0
2835 10274 6394 0 0
2836 10274 6394 0 0
2837 10274 6400 0 0
2838 10274 6400 0 0
2839 10274 6407 0 0
2840 10274 6407 0 0
2841 10274 6411 0 0
2842 10274 6411 0 0
2843 10274 6416 0 0
2844 10274 6416 0 0
2845 10274 6420 0 0
2846 10274 6420 0 0
2847 10274 6425 0 0
2848 10274 6426 0 0
2849 10274 6431 0 0
2850 10274 6431 0 0
2851 10274 6435 0 0
2852 10274 6435 0 0
2853 10274 6438 0 0
2854 10274 6438 0 0
2855 10274 6442 0 0
2856 10274 6442 0 0
2857 10274 6445 0 0
2858 10274 6445 0 0
2859 10274 6450 0 0
2860 10274 6450 0 0
2861 10274 6454 0 0
2862 10274 6454 0 0
2863 10274 6460 0 0
2864 10274 6460 0 0
2865 10274 6463 0 0
2866 10274 6463 0 0
2867 10274 6468 0 0
2868 10274 6468 0 0
2869 10274 6472 0 0
2870 10274 6472 0 0
2871 10274 6476 0 0
2872 10274 6476 0 0
2873 10274 6479 0 0
2874 10274 6479 0 0
2875 10274 6483 0 0
2876 10274 6483 0 0
2877 10274 6489 0 0
2878 10274 6489 0 0
2879 10274 6493 0 0
2880 10274 6493 0 0
2881 10274 6497 0 0
2882 10274 6497 0 0
2883 10274 6502 0 0
2884 10274 6502 0 0
2885 10274 6508 0 0
2886 10274 6508 0 0
2887 10274 6513 0 0
2888 10274 6513 0 0
2889 10274 6518 0 0
2890 10274 6518 0 0
2891 10274 6524 0 0
2892 10274 6524 0 0
2893 10274 6530 0 0
2894 10274 6530 0 0
2895 10274 6535 0 0
2896 10274 6535 0 0
2897 10274 6539 0 0
2898 10274 6539 0 0
2899 10274 6542 0 0
2900 10274 6542 0 0
2901 10274 6545 0 0
2902 10274 6545 0 0
2903 10274 6550 0 0
2904 10274 6550 0 0
2905 10274 6555 0 0
2906 10274 6555 0 0
2907 10274 6559 0 0
2908 10274 6559 0 0
2909 10274 6563 0 0
2910 10274 6563 0 0
2911 10274 6569 0 0
2912 10274 6569 0 0
2913 10274 6574 0 0
2914 10274 6574 0 0
2915 10274 6579 0 0
2916 10274 6579 0 0
2917 10274 6584 0 0
2918 10274 6584 0 0
2919 10274 6589 0 0
2920 10274 6589 0 0
2921 10274 6593 0 0
2922 10274 6593 0 0
2923 10274 6596 0 0
2924 10274 6596 0 0
2925 10274 6599 0 0
2926 10274 6599 0 0
2927 10274 6603 0 0
2928 10274 6603 0 0
2929 10274 6606 0 0
2930 10274 6606 0 0
2931 10274 6610 0 0
2932 10274 6610 0 0
2933 10274 6613 0 0
2934 10274 6613 0 0
2935 10274 6616 0 0
2936 10274 6616 0 0
2937 10274 6621 0 0
2938 10274 6621 0 0
2939 10274 6627 0 0
2940 10274 6627 0 0
2941 10274 6632 0 0
2942 10274 6632 0 0
2943 10274 6636 0 0
2944 10274 6636 0 0
2945 10274 6639 0 0
2946 10274 6639 0 0
2947 10274 6644 0 0
2948 10274 6644 0 0
2949 10274 6648 0 0
2950 10274 6648 0 0
2951 10274 6652 0 0
2952 10274 6652 0 0
2953 10274 6655 0 0
2954 10274 6655 0 0
2955 10274 6659 0 0
2956 10274 6659 0 0
2957 10274 6663 0 0
2958 10274 6663 0 0
2959 10274 6667 0 0
2960 10274 6667 0 0
2961 10274 6671 0 0
2962 10274 6671 0 0
2963 10274 6675 0 0
2964 10274 6675 0 0
2965 10274 6680 0 0
2966 10274 6680 0 0
2967 10274 6683 0 0
2968 10274 6683 0 0
2969 10274 6687 0 0
2970 10274 6687 0 0
2971 10274 6693 0 0
2972 10274 6693 0 0
2973 10274 6699 0 0
2974 10274 6699 0 0
2975 10274 6703 0 0
2976 10274 6703 0 0
2977 10274 6707 0 0
2978 10274 6707 0 0
2979 10274 6711 0 0
2980 10274 6711 0 0
2981 10274 6716 0 0
2982 10274 6716 0 0
2983 10274 6720 0 0
2984 10274 6720 0 0
2985 10274 6723 0 0
2986 10274 6723 0 0
2987 10274 6727 0 0
2988 10274 6727 0 0
2989 10274 6731 0 0
2990 10274 6731 0 0
2991 10274 6734 0 0
2992 10274 6734 0 0
2993 10274 6737 0 0
2994 10274 6737 0 0
2995 10274 6741 0 0
2996 10274 6741 0 0
2997 10274 6745 0 0
2998 10274 6745 0 0
2999 10274 6750 0 0
3000 10274 6751 0 0
3001 10274 6755 0 0
3002 10274 6755 0 0
3003 10274 6759 0 0
3004 10274 6759 0 0
3005 10274 6762 0 0
3006 10274 6762 0 0
3007 10274 6766 0 0
3008 10274 6766 0 0
3009 10274 6769 0 0
3010 10274 6769 0 0
3011 10274 6775 0 0
3012 10274 6775 0 0
3013 10274 6779 0 0
3014 10274 6779 0 0
3015 10274 6783 0 0
3016 10274 6783 0 0
3017 10274 6786 0 0
3018 10274 6786 0 0
3019 10274 6790 0 0
3020 10274 6790 0 0
3021 10274 6795 0 0
3022 10274 6795 0 0
3023 10274 6798 0 0
3024 10274 6798 0 0
3025 10274 6802 0 0
3026 10274 6802 0 0
3027 10274 6807 0 0
3028 10274 6807 0 0
3029 10274 6813 0 0
3030 10274 6813 0 0
3031 10274 6815 0 0
3032 10274 6815 0 0
3033 10274 6821 0 0
3034 10274 6821 0 0
3035 10274 6826 0 0
3036 10274 6826 0 0
3037 10274 6829 0 0
3038 10274 6829 0 0
3039 10274 6834 0 0
3040 10274 6834 0 0
3041 10274 6838 0 0
3042 10274 6838 0 0
3043 10274 6843 0 0
3044 10274 6843 0 0
3045 10274 6847 0 0
3046 10274 6847 0 0
3047 10274 6851 0 0
3048 10274 6851 0 0
3049 10274 6856 0 0
3050 10274 6856 0 0
3051 10274 6861 0 0
3052 10274 6861 0 0
3053 10274 6866 0 0
3054 10274 6866 0 0
3055 10274 6870 0 0
3056 10274 6870 0 0
3057 10274 6874 0 0
3058 10274 6874 0 0
3059 10274 6879 0 0
3060 10274 6879 0 0
3061 10274 6883 0 0
3062 10274 6883 0 0
3063 10274 6888 0 0
3064 10274 6888 0 0
3065 10274 6892 0 0
3066 10274 6892 0 0
3067 10274 6896 0 0
3068 10274 6896 0 0
3069 10274 6901 0 0
3070 10274 6901 0 0
3071 10274 6906 0 0
3072 10274 6906 0 0
3073 10274 6910 0 0
3074 10274 6910 0 0
3075 10274 6915 0 0
3076 10274 6915 0 0
3077 10274 6918 0 0
3078 10274 6918 0 0
3079 10274 6921 0 0
3080 10274 6921 0 0
3081 10274 6925 0 0
3082 10274 6925 0 0
3083 10274 6930 0 0
3084 10274 6930 0 0
3085 10274 6934 0 0
3086 10274 6934 0 0
3087 10274 6938 0 0
3088 10274 6938 0 0
3089 10274 6942 0 0
3090 10274 6942 0 0
3091 10274 6946 0 0
3092 10274 6946 0 0
3093 10274 6951 0 0
3094 10274 6951 0 0
3095 10274 6956 0 0
3096 10274 6956 0 0
3097 10274 6963 0 0
3098 10274 6963 0 0
3099 10274 6968 0 0
3100 10274 6968 0 0
3101 10274 6973 0 0
3102 10274 6973 0 0
3103 10274 6979 0 0
3104 10274 6979 0 0
3105 10274 6983 0 0
3106 10274 6983 0 0
3107 10274 6988 0 0
3108 10274 6988 0 0
3109 10274 6992 0 0
3110 10274 6992 0 0
3111 10274 6999 0 0
3112 10274 6999 0 0
3113 10274 7006 0 0
3114 10274 7006 0 0
3115 10274 7011 0 0
3116 10274 7011 0 0
3117 10274 7015 0 0
3118 10274 7015 0 0
3119 10274 7020 0 0
3120 10274 7020 0 0
3121 10274 7024 0 0
3122 10274 7024 0 0
3123 10274 7028 0 0
3124 10274 7028 0 0
3125 10274 7033 0 0
3126 10274 7033 0 0
3127 10274 7038 0 0
3128 10274 7038 0 0
3129 10274 7042 0 0
3130 10274 7042 0 0
3131 10274 7048 0 0
3132 10274 7048 0 0
3133 10274 7052 0 0
3134 10274 7052 0 0
3135 10274 7057 0 0
3136 10274 7057 0 0
3137 10274 7060 0 0
3138 10274 7060 0 0
3139 10274 7065 0 0
3140 10274 7066 0 0
3141 10274 7071 0 0
3142 10274 7071 0 0
3143 10274 7074 0 0
3144 10274 7074 0 0
3145 10274 7078 0 0
3146 10274 7078 0 0
3147 10274 7081 0 0
3148 10274 7081 0 0
3149 10274 7085 0 0
3150 10274 7085 0 0
3151 10274 7089 0 0
3152 10274 7089 0 0
3153 10274 7093 0 0
3154 10274 7093 0 0
3155 10274 7096 0 0
3156 10274 7096 0 0
3157 10274 7101 0 0
3158 10274 7101 0 0
3159 10274 7105 0 0
3160 10274 7105 0 0
3161 10274 7109 0 0
3162 10274 7109 0 0
3163 10274 7116 0 0
3164 10274 7116 0 0
3165 10274 7120 0 0
3166 10274 7120 0 0
3167 10274 7124 0 0
3168 10274 7124 0 0
3169 10274 7126 0 0
3170 10274 7126 0 0
3171 10274 7130 0 0
3172 10274 7130 0 0
3173 10274 7134 0 0
3174 10274 7134 0 0
3175 10274 7138 0 0
3176 10274 7138 0 0
3177 10274 7143 0 0
3178 10274 7143 0 0
3179 10274 7147 0 0
3180 10274 7147 0 0
3181 10274 7150 0 0
3182 10274 7150 0 0
3183 10274 7154 0 0
3184 10274 7154 0 0
3185 10274 7158 0 0
3186 10274 7158 0 0
3187 10274 7162 0 0
3188 10274 7162 0 0
3189 10274 7166 0 0
3190 10274 7166 0 0
3191 10274 7173 0 0
3192 10274 7173 0 0
3193 10274 7178 0 0
3194 10274 7179 0 0
3195 10274 7184 0 0
3196 10274 7184 0 0
3197 10274 7189 0 0
3198 10274 7189 0 0
3199 10274 7194 0 0
3200 10274 7194 0 0
3201 10274 7199 0 0
3202 10274 7199 0 0
3203 10274 7203 0 0
3204 10274 7203 0 0
3205 10274 7208 0 0
3206 10274 7208 0 0
3207 10274 7212 0 0
3208 10274 7212 0 0
3209 10274 7217 0 0
3210 10274 7217 0 0
3211 10274 7221 0 0
3212 10274 7221 0 0
3213 10274 7224 0 0
3214 10274 7224 0 0
3215 10274 7228 0 0
3216 10274 7228 0 0
3217 10274 7232 0 0
3218 10274 7232 0 0
3219 10274 7236 0 0
3220 10274 7236 0 0
3221 10274 7240 0 0
3222 10274 7240 0 0
3223 10274 7244 0 0
3224 10274 7244 0 0
3225 10274 7247 0 0
3226 10274 7247 0 0
3227 10274 7250 0 0
3228 10274 7250 0 0
3229 10274 7254 0 0
3230 10274 7254 0 0
3231 10274 7257 0 0
3232 10274 7257 0 0
3233 10274 7261 0 0
3234 10274 7261 0 0
3235 10274 7265 0 0
3236 10274 7265 0 0
3237 10274 7268 0 0
3238 10274 7268 0 0
3239 10274 7273 0 0
3240 10274 7273 0 0
3241 10274 7277 0 0
3242 10274 7277 0 0
3243 10274 7281 0 0
3244 10274 7281 0 0
3245 10274 7284 0 0
3246 10274 7284 0 0
3247 10274 7290 0 0
3248 10274 7290 0 0
3249 10274 7294 0 0
3250 10274 7294 0 0
3251 10274 7298 0 0
3252 10274 7298 0 0
3253 10274 7303 0 0
3254 10274 7303 0 0
3255 10274 7308 0 0
3256 10274 7308 0 0
3257 10274 7313 0 0
3258 10274 7313 0 0
3259 10274 7317 0 0
3260 10274 7317 0 0
3261 10274 7320 0 0
3262 10274 7320 0 0
3263 10274 7325 0 0
3264 10274 7325 0 0
3265 10274 7331 0 0
3266 10274 7331 0 0
3267 10274 7336 0 0
3268 10274 7336 0 0
3269 10274 7341 0 0
3270 10274 7341 0 0
3271 10274 7346 0 0
3272 10274 7346 0 0
3273 10274 7349 0 0
3274 10274 7349 0 0
3275 10274 7353 0 0
3276 10274 7353 0 0
3277 10274 7358 0 0
3278 10274 7358 0 0
3279 10274 7364 0 0
3280 10274 7364 0 0
3281 10274 7369 0 0
3282 10274 7369 0 0
3283 10274 7374 0 0
3284 10274 7374 0 0
3285 10274 7379 0 0
3286 10274 7379 0 0
3287 10274 7383 0 0
3288 10274 7383 0 0
3289 10274 7389 0 0
3290 10274 7389 0 0
3291 10274 7391 0 0
3292 10274 7391 0 0
3293 10274 7395 0 0
3294 10274 7395 0 0
3295 10274 7399 0 0
3296 10274 7399 0 0
3297 10274 7404 0 0
3298 10274 7404 0 0
3299 10274 7409 0 0
3300 10274 7409 0 0
3301 10274 7412 0 0
3302 10274 7412 0 0
3303 10274 7415 0 0
3304 10274 7415 0 0
3305 10274 7420 0 0
3306 10274 7420 0 0
3307 10274 7423 0 0
3308 10274 7423 0 0
3309 10274 7428 0 0
3310 10274 7428 0 0
3311 10274 7433 0 0
3312 10274 7433 0 0
3313 10274 7437 0 0
3314 10274 7437 0 0
3315 10274 7440 0 0
3316 10274 7441 0 0
3317 10274 7446 0 0
3318 10274 7446 0 0
3319 10274 7450 0 0
3320 10274 7450 0 0
3321 10274 7455 0 0
3322 10274 7455 0 0
3323 10274 7459 0 0
3324 10274 7459 0 0
3325 10274 7464 0 0
3326 10274 7464 0 0
3327 10274 7467 0 0
3328 10274 7467 0 0
3329 10274 7470 0 0
3330 10274 7470 0 0
3331 10274 7473 0 0
3332 10274 7473 0 0
3333 10274 7477 0 0
3334 10274 7477 0 0
3335 10274 7481 0 0
3336 10274 7481 0 0
3337 10274 7485 0 0
3338 10274 7485 0 0
3339 10274 7489 0 0
3340 10274 7489 0 0
3341 10274 7495 0 0
3342 10274 7495 0 0
3343 10274 7498 0 0
3344 10274 7498 0 0
3345 10274 7502 0 0
3346 10274 7502 0 0
3347 10274 7507 0 0
3348 10274 7507 0 0
3349 10274 7512 0 0
3350 10274 7512 0 0
3351 10274 7515 0 0
3352 10274 7515 0 0
3353 10274 7520 0 0
3354 10274 7520 0 0
3355 10274 7524 0 0
3356 10274 7524 0 0
3357 10274 7528 0 0
3358 10274 7528 0 0
3359 10274 7532 0 0
3360 10274 7532 0 0
3361 10274 7535 0 0
3362 10274 7535 0 0
3363 10274 7538 0 0
3364 10274 7538 0 0
3365 10274 7542 0 0
3366 10274 7542 0 0
3367 10274 7546 0 0
3368 10274 7546 0 0
3369 10274 7552 0 0
3370 10274 7552 0 0
3371 10274 7556 0 0
3372 10274 7556 0 0
3373 10274 7560 0 0
3374 10274 7560 0 0
3375 10274 7565 0 0
3376 10274 7565 0 0
3377 10274 7568 0 0
3378 10274 7568 0 0
3379 10274 7573 0 0
3380 10274 7573 0 0
3381 10274 7577 0 0
3382 10274 7577 0 0
3383 10274 7580 0 0
3384 10274 7580 0 0
3385 10274 7585 0 0
3386 10274 7585 0 0
3387 10274 7588 0 0
3388 10274 7588 0 0
3389 10274 7592 0 0
3390 10274 7592 0 0
3391 10274 7597 0 0
3392 10274 7597 0 0
3393 10274 7602 0 0
3394 10274 7602 0 0
3395 10274 7607 0 0
3396 10274 7607 0 0
3397 10274 7611 0 0
3398 10274 7611 0 0
3399 10274 7615 0 0
3400 10274 7615 0 0
3401 10274 7619 0 0
3402 10274 7619 0 0
3403 10274 7623 0 0
3404 10274 7623 0 0
3405 10274 7627 0 0
3406 10274 7627 0 0
3407 10274 7630 0 0
3408 10274 7630 0 0
3409 10274 7633 0 0
3410 10274 7633 0 0
3411 10274 7637 0 0
3412 10274 7637 0 0
3413 10274 7641 0 0
3414 10274 7641 0 0
3415 10274 7644 0 0
3416 10274 7644 0 0
3417 10274 7647 0 0
3418 10274 7647 0 0
3419 10274 7653 0 0
3420 10274 7653 0 0
3421 10274 7658 0 0
3422 10274 7658 0 0
3423 10274 7661 0 0
3424 10274 7661 0 0
3425 10274 7665 0 0
3426 10274 7665 0 0
3427 10274 7669 0 0
3428 10274 7669 0 0
3429 10274 7672 0 0
3430 10274 7672 0 0
3431 10274 7677 0 0
3432 10274 7677 0 0
3433 10274 7683 0 0
3434 10274 7683 0 0
3435 10274 7686 0 0
3436 10274 7686 0 0
3437 10274 7690 0 0
3438 10274 7690 0 0
3439 10274 7695 0 0
3440 10274 7695 0 0
3441 10274 7699 0 0
3442 10274 7699 0 0
3443 10274 7703 0 0
3444 10274 7703 0 0
3445 10274 7707 0 0
3446 10274 7707 0 0
3447 10274 7711 0 0
3448 10274 7711 0 0
3449 10274 7715 0 0
3450 10274 7715 0 0
3451 10274 7719 0 0
3452 10274 7719 0 0
3453 10274 7722 0 0
3454 10274 7722 0 0
3455 10274 7725 0 0
3456 10274 7725 0 0
3457 10274 7728 0 0
3458 10274 7728 0 0
3459 10274 7732 0 0
3460 10274 7732 0 0
3461 10274 7735 0 0
3462 10274 7735 0 0
3463 10274 7738 0 0
3464 10274 7738 0 0
3465 10274 7743 0 0
3466 10274 7743 0 0
3467 10274 7746 0 0
3468 10274 7746 0 0
3469 10274 7752 0 0
3470 10274 7752 0 0
3471 10274 7754 0 0
3472 10274 7754 0 0
3473 10274 7758 0 0
3474 10274 7758 0 0
3475 10274 7762 0 0
3476 10274 7762 0 0
3477 10274 7765 0 0
3478 10274 7765 0 0
3479 10274 7769 0 0
3480 10274 7769 0 0
3481 10274 7773 0 0
3482 10274 7773 0 0
3483 10274 7776 0 0
3484 10274 7776 0 0
3485 10274 7781 0 0
3486 10274 7781 0 0
3487 10274 7786 0 0
3488 10274 7786 0 0
3489 10274 7790 0 0
3490 10274 7790 0 0
3491 10274 7796 0 0
3492 10274 7796 0 0
3493 10274 7801 0 0
3494 10274 7801 0 0
3495 10274 7805 0 0
3496 10274 7805 0 0
3497 10274 7808 0 0
3498 10274 7808 0 0
3499 10274 7813 0 0
3500 10274 7814 0 0
3501 10274 7819 0 0
3502 10274 7819 0 0
3503 10274 7823 0 0
3504 10274 7823 0 0
3505 10274 7827 0 0
3506 10274 7827 0 0
3507 10274 7830 0 0
3508 10274 7830 0 0
3509 10274 7833 0 0
3510 10274 7833 0 0
3511 10274 7837 0 0
3512 10274 7837 0 0
3513 10274 7841 0 0
3514 10274 7841 0 0
3515 10274 7844 0 0
3516 10274 7844 0 0
3517 10274 7847 0 0
3518 10274 7847 0 0
3519 10274 7853 0 0
3520 10274 7853 0 0
3521 10274 7857 0 0
3522 10274 7857 0 0
3523 10274 7863 0 0
3524 10274 7863 0 0
3525 10274 7868 0 0
3526 10274 7868 0 0
3527 10274 7873 0 0
3528 10274 7873 0 0
3529 10274 7878 0 0
3530 10274 7878 0 0
3531 10274 7884 0 0
3532 10274 7884 0 0
3533 10274 7887 0 0
3534 10274 7887 0 0
3535 10274 7890 0 0
3536 10274 7890 0 0
3537 10274 7893 0 0
3538 10274 7893 0 0
3539 10274 7897 0 0
3540 10274 7897 0 0
3541 10274 7902 0 0
3542 10274 7902 0 0
3543 10274 7905 0 0
3544 10274 7905 0 0
3545 10274 7908 0 0
3546 10274 7908 0 0
3547 10274 7910 0 0
3548 10274 7910 0 0
3549 10274 7915 0 0
3550 10274 7915 0 0
3551 10274 7919 0 0
3552 10274 7919 0 0
3553 10274 7924 0 0
3554 10274 7924 0 0
3555 10274 7930 0 0
3556 10274 7930 0 0
3557 10274 7935 0 0
3558 10274 7935 0 0
3559 10274 7940 0 0
3560 10274 7940 0 0
3561 10274 7945 0 0
3562 10274 7945 0 0
3563 10274 7949 0 0
3564 10274 7949 0 0
3565 10274 7953 0 0
3566 10274 7953 0 0
3567 10274 7958 0 0
3568 10274 7958 0 0
3569 10274 7962 0 0
3570 10274 7962 0 0
3571 10274 7968 0 0
3572 10274 7968 0 0
3573 10274 7974 0 0
3574 10274 7974 0 0
3575 10274 7979 0 0
3576 10274 7979 0 0
3577 10274 7983 0 0
3578 10274 7983 0 0
3579 10274 7988 0 0
3580 10274 7988 0 0
3581 10274 7993 0 0
3582 10274 7993 0 0
3583 10274 7996 0 0
3584 10274 7996 0 0
3585 10274 7999 0 0
3586 10274 7999 0 0
3587 10274 8004 0 0
3588 10274 8004 0 0
3589 10274 8010 0 0
3590 10274 8010 0 0
3591 10274 8014 0 0
3592 10274 8014 0 0
3593 10274 8017 0 0
3594 10274 8017 0 0
3595 10274 8022 0 0
3596 10274 8022 0 0
3597 10274 8026 0 0
3598 10274 8026 0 0
3599 10274 8031 0 0
3600 10274 8031 0 0
3601 10274 8034 0 0
3602 10274 8034 0 0
3603 10274 8037 0 0
3604 10274 8037 0 0
3605 10274 8040 0 0
3606 10274 8040 0 0
3607 10274 8043 0 0
3608 10274 8043 0 0
3609 10274 8047 0 0
3610 10274 8047 0 0
3611 10274 8050 0 0
3612 10274 8050 0 0
3613 10274 8054 0 0
3614 10274 8054 0 0
3615 10274 8057 0 0
3616 10274 8057 0 0
3617 10274 8061 0 0
3618 10274 8061 0 0
3619 10274 8065 0 0
3620 10274 8065 0 0
3621 10274 8069 0 0
3622 10274 8069 0 0
3623 10274 8071 0 0
3624 10274 8071 0 0
3625 10274 8076 0 0
3626 10274 8076 0 0
3627 10274 8081 0 0
3628 10274 8081 0 0
3629 10274 8085 0 0
3630 10274 8085 0 0
3631 10274 8089 0 0
3632 10274 8089 0 0
3633 10274 8092 0 0
3634 10274 8092 0 0
3635 10274 8097 0 0
3636 10274 8097 0 0
3637 10274 8101 0 0
3638 10274 8101 0 0
3639 10274 8107 0 0
3640 10274 8107 0 0
3641 10274 8111 0 0
3642 10274 8111 0 0
3643 10274 8115 0 0
3644 10274 8115 0 0
3645 10274 8120 0 0
3646 10274 8120 0 0
3647 10274 8123 0 0
3648 10274 8123 0 0
3649 10274 8126 0 0
3650 10274 8126 0 0
3651 10274 8130 0 0
3652 10274 8130 0 0
3653 10274 8134 0 0
3654 10274 8134 0 0
3655 10274 8138 0 0
3656 10274 8138 0 0
3657 10274 8143 0 0
3658 10274 8143 0 0
3659 10274 8147 0 0
3660 10274 8147 0 0
3661 10274 8150 0 0
3662 10274 8150 0 0
3663 10274 8155 0 0
3664 10274 8155 0 0
3665 10274 8159 0 0
3666 10274 8159 0 0
3667 10274 8163 0 0
3668 10274 8163 0 0
3669 10274 8168 0 0
3670 10274 8168 0 0
3671 10274 8172 0 0
3672 10274 8172 0 0
3673 10274 8176 0 0
3674 10274 8176 0 0
3675 10274 8181 0 0
3676 10274 8181 0 0
3677 10274 8185 0 0
3678 10274 8185 0 0
3679 10274 8190 0 0
3680 10274 8190 0 0
3681 10274 8194 0 0
3682 10274 8194 0 0
3683 10274 8199 0 0
3684 10274 8199 0 0
3685 10274 8203 0 0
3686 10274 8203 0 0
3687 10274 8206 0 0
3688 10274 8207 0 0
3689 10274 8210 0 0
3690 10274 8211 0 0
3691 10274 8215 0 0
3692 10274 8216 0 0
3693 10274 8218 0 0
3694 10274 8218 0 0
3695 10274 8221 0 0
3696 10274 8221 0 0
3697 10274 8226 0 0
3698 10274 8226 0 0
3699 10274 8229 0 0
3700 10274 8229 0 0
3701 10274 8234 0 0
3702 10274 8234 0 0
3703 10274 8238 0 0
3704 10274 8238 0 0
3705 10274 8244 0 0
3706 10274 8244 0 0
3707 10274 8247 0 0
3708 10274 8247 0 0
3709 10274 8250 0 0
3710 10274 8250 0 0
3711 10274 8256 0 0
3712 10274 8256 0 0
3713 10274 8262 0 0
3714 10274 8262 0 0
3715 10274 8265 0 0
3716 10274 8265 0 0
3717 10274 8270 0 0
3718 10274 8270 0 0
3719 10274 8275 0 0
3720 10274 8275 0 0
3721 10274 8281 0 0
3722 10274 8281 0 0
3723 10274 8286 0 0
3724 10274 8286 0 0
3725 10274 8291 0 0
3726 10274 8291 0 0
3727 10274 8297 0 0
3728 10274 8297 0 0
3729 10274 8301 0 0
3730 10274 8301 0 0
3731 10274 8304 0 0
3732 10274 8304 0 0
3733 10274 8308 0 0
3734 10274 8308 0 0
3735 10274 8312 0 0
3736 10274 8312 0 0
3737 10274 8317 0 0
3738 10274 8317 0 0
3739 10274 8320 0 0
3740 10274 8320 0 0
3741 10274 8324 0 0
3742 10274 8324 0 0
3743 10274 8329 0 0
3744 10274 8329 0 0
3745 10274 8332 0 0
3746 10274 8332 0 0
3747 10274 8336 0 0
3748 10274 8336 0 0
3749 10274 8340 0 0
3750 10274 8340 0 0
3751 10274 8343 0 0
3752 10274 8343 0 0
3753 10274 8346 0 0
3754 10274 8346 0 0
3755 10274 8351 0 0
3756 10274 8351 0 0
3757 10274 8356 0 0
3758 10274 8356 0 0
3759 10274 8359 0 0
3760 10274 8359 0 0
3761 10274 8363 0 0
3762 10274 8363 0 0
3763 10274 8367 0 0
3764 10274 8367 0 0
3765 10274 8373 0 0
3766 10274 8373 0 0
3767 10274 8376 0 0
3768 10274 8376 0 0
3769 10274 8382 0 0
3770 10274 8382 0 0
3771 10274 8384 0 0
3772 10274 8384 0 0
3773 10274 8387 0 0
3774 10274 8387 0 0
3775 10274 8391 0 0
3776 10274 8391 0 0
3777 10274 8395 0 0
3778 10274 8395 0 0
3779 10274 8398 0 0
3780 10274 8398 0 0
3781 10274 8400 0 0
3782 10274 8400 0 0
3783 10274 8404 0 0
3784 10274 8404 0 0
3785 10274 8409 0 0
3786 10274 8409 0 0
3787 10274 8412 0 0
3788 10274 8412 0 0
3789 10274 8417 0 0
3790 10274 8417 0 0
3791 10274 8424 0 0
3792 10274 8424 0 0
3793 10274 8427 0 0
3794 10274 8427 0 0
3795 10274 8431 0 0
3796 10274 8431 0 0
3797 10274 8435 0 0
3798 10274 8435 0 0
3799 10274 8440 0 0
3800 10274 8440 0 0
3801 10274 8445 0 0
3802 10274 8446 0 0
3803 10274 8450 0 0
3804 10274 8450 0 0
3805 10274 8454 0 0
3806 10274 8454 0 0
3807 10274 8457 0 0
3808 10274 8457 0 0
3809 10274 8461 0 0
3810 10274 8461 0 0
3811 10274 8466 0 0
3812 10274 8466 0 0
3813 10274 8470 0 0
3814 10274 8470 0 0
3815 10274 8475 0 0
3816 10274 8475 0 0
3817 10274 8479 0 0
3818 10274 8479 0 0
3819 10274 8482 0 0
3820 10274 8482 0 0
3821 10274 8488 0 0
3822 10274 8488 0 0
3823 10274 8491 0 0
3824 10274 8491 0 0
3825 10274 8495 0 0
3826 10274 8495 0 0
3827 10274 8498 0 0
3828 10274 8498 0 0
3829 10274 8502 0 0
3830 10274 8502 0 0
3831 10274 8507 0 0
3832 10274 8507 0 0
3833 10274 8511 0 0
3834 10274 8511 0 0
3835 10274 8514 0 0
3836 10274 8514 0 0
3837 10274 8518 0 0
3838 10274 8518 0 0
3839 10274 8523 0 0
3840 10274 8523 0 0
3841 10274 8527 0 0
3842 10274 8527 0 0
3843 10274 8530 0 0
3844 10274 8530 0 0
3845 10274 8534 0 0
3846 10274 8534 0 0
3847 10274 8537 0 0
3848 10274 8537 0 0
3849 10274 8539 0 0
3850 10274 8539 0 0
3851 10274 8543 0 0
3852 10274 8543 0 0
3853 10274 8546 0 0
3854 10274 8546 0 0
3855 10274 8552 0 0
3856 10274 8552 0 0
3857 10274 8557 0 0
3858 10274 8557 0 0
3859 10274 8561 0 0
3860 10274 8561 0 0
3861 10274 8564 0 0
3862 10274 8564 0 0
3863 10274 8568 0 0
3864 10274 8568 0 0
3865 10274 8573 0 0
3866 10274 8573 0 0
3867 10274 8576 0 0
3868 10274 8576 0 0
3869 10274 8579 0 0
3870 10274 8579 0 0
3871 10274 8584 0 0
3872 10274 8584 0 0
3873 10274 8587 0 0
3874 10274 8587 0 0
3875 10274 8591 0 0
3876 10274 8591 0 0
3877 10274 8594 0 0
3878 10274 8594 0 0
3879 10274 8598 0 0
3880 10274 8598 0 0
3881 10274 8601 0 0
3882 10274 8601 0 0
3883 10274 8605 0 0
3884 10274 8605 0 0
3885 10274 8609 0 0
3886 10274 8609 0 0
3887 10274 8613 0 0
3888 10274 8613 0 0
3889 10274 8616 0 0
3890 10274 8616 0 0
3891 10274 8620 0 0
3892 10274 8620 0 0
3893 10274 8623 0 0
3894 10274 8623 0 0
3895 10274 8627 0 0
3896 10274 8627 0 0
3897 10274 8631 0 0
3898 10274 8631 0 0
3899 10274 8636 0 0
3900 10274 8636 0 0
3901 10274 8640 0 0
3902 10274 8640 0 0
3903 10274 8644 0 0
3904 10274 8644 0 0
3905 10274 8650 0 0
3906 10274 8650 0 0
3907 10274 8655 0 0
3908 10274 8655 0 0
3909 10274 8658 0 0
3910 10274 8658 0 0
3911 10274 8662 0 0
3912 10274 8662 0 0
3913 10274 8666 0 0
3914 10274 8666 0 0
3915 10274 8671 0 0
3916 10274 8671 0 0
3917 10274 8676 0 0
3918 10274 8676 0 0
3919 10274 8681 0 0
3920 10274 8681 0 0
3921 10274 8685 0 0
3922 10274 8685 0 0
3923 10274 8690 0 0
3924 10274 8690 0 0
3925 10274 8695 0 0
3926 10274 8695 0 0
3927 10274 8701 0 0
3928 10274 8701 0 0
3929 10274 8706 0 0
3930 10274 8706 0 0
3931 10274 8713 0 0
3932 10274 8713 0 0
3933 10274 8717 0 0
3934 10274 8717 0 0
3935 10274 8721 0 0
3936 10274 8721 0 0
3937 10274 8724 0 0
3938 10274 8724 0 0
3939 10274 8728 0 0
3940 10274 8728 0 0
3941 10274 8733 0 0
3942 10274 8733 0 0
3943 10274 8737 0 0
3944 10274 8737 0 0
3945 10274 8743 0 0
3946 10274 8743 0 0
3947 10274 8748 0 0
3948 10274 8748 0 0
3949 10274 8752 0 0
3950 10274 8752 0 0
3951 10274 8759 0 0
3952 10274 8759 0 0
3953 10274 8763 0 0
3954 10274 8763 0 0
3955 10274 8767 0 0
3956 10274 8767 0 0
3957 10274 8773 0 0
3958 10274 8773 0 0
3959 10274 8779 0 0
3960 10274 8779 0 0
3961 10274 8783 0 0
3962 10274 8783 0 0
3963 10274 8787 0 0
3964 10274 8787 0 0
3965 10274 8792 0 0
3966 10274 8792 0 0
3967 10274 8799 0 0
3968 10274 8799 0 0
3969 10274 8803 0 0
3970 10274 8803 0 0
3971 10274 8808 0 0
3972 10274 8808 0 0
3973 10274 8817 0 0
3974 10274 8817 0 0
3975 10274 8822 0 0
3976 10274 8822 0 0
3977 10274 8826 0 0
3978 10274 8826 0 0
3979 10274 8832 0 0
3980 10274 8832 0 0
3981 10274 8836 0 0
3982 10274 8836 0 0
3983 10274 8839 0 0
3984 10274 8839 0 0
3985 10274 8843 0 0
3986 10274 8843 0 0
3987 10274 8848 0 0
3988 10274 8848 0 0
3989 10274 8853 0 0
3990 10274 8854 0 0
3991 10274 8858 0 0
3992 10274 8858 0 0
3993 10274 8864 0 0
3994 10274 8864 0 0
3995 10274 8868 0 0
3996 10274 8868 0 0
3997 10274 8873 0 0
3998 10274 8873 0 0
3999 10274 8875 0 0
4000 10274 8876 0 0
4001 10274 8878 0 0
4002 10274 8879 0 0
4003 10274 8883 0 0
4004 10274 8884 0 0
4005 10274 8888 0 0
4006 10274 8889 0 0
4007 10274 8894 0 0
4008 10274 8894 0 0
4009 10274 8898 0 0
4010 10274 8898 0 0
4011 10274 8901 0 0
4012 10274 8901 0 0
4013 10274 8905 0 0
4014 10274 8905 0 0
4015 10274 8909 0 0
4016 10274 8909 0 0
4017 10274 8911 0 0
4018 10274 8911 0 0
4019 10274 8917 0 0
4020 10274 8917 0 0
4021 10274 8922 0 0
4022 10274 8922 0 0
4023 10274 8926 0 0
4024 10274 8926 0 0
4025 10274 8930 0 0
4026 10274 8930 0 0
4027 10274 8935 0 0
4028 10274 8935 0 0
4029 10274 8941 0 0
4030 10274 8941 0 0
4031 10274 8944 0 0
4032 10274 8944 0 0
4033 10274 8949 0 0
4034 10274 8949 0 0
4035 10274 8954 0 0
4036 10274 8954 0 0
4037 10274 8956 0 0
4038 10274 8956 0 0
4039 10274 8960 0 0
4040 10274 8960 0 0
4041 10274 8963 0 0
4042 10274 8963 0 0
4043 10274 8968 0 0
4044 10274 8968 0 0
4045 10274 8973 0 0
4046 10274 8973 0 0
4047 10274 8976 0 0
4048 10274 8976 0 0
4049 10274 8980 0 0
4050 10274 8980 0 0
4051 10274 8984 0 0
4052 10274 8984 0 0
4053 10274 8988 0 0
4054 10274 8988 0 0
4055 10274 8993 0 0
4056 10274 8993 0 0
4057 10274 8998 0 0
4058 10274 8998 0 0
4059 10274 9003 0 0
4060 10274 9003 0 0
4061 10274 9009 0 0
4062 10274 9009 0 0
4063 10274 9013 0 0
4064 10274 9013 0 0
4065 10274 9016 0 0
4066 10274 9016 0 0
4067 10274 9020 0 0
4068 10274 9020 0 0
4069 10274 9023 0 0
4070 10274 9023 0 0
4071 10274 9027 0 0
4072 10274 9027 0 0
4073 10274 9030 0 0
4074 10274 9030 0 0
4075 10274 9036 0 0
4076 10274 9036 0 0
4077 10274 9040 0 0
4078 10274 9040 0 0
4079 10274 9042 0 0
4080 10274 9043 0 0
4081 10274 9045 0 0
4082 10274 9046 0 0
4083 10274 9049 0 0
4084 10274 9051 0 0
4085 10274 9053 0 0
4086 10274 9054 0 0
4087 10274 9056 0 0
4088 10274 9059 0 0
4089 10274 9060 0 0
4090 10274 9063 0 0
4091 10274 9064 0 0
4092 10274 9067 0 0
4093 10274 9069 0 0
4094 10274 9072 0 0
4095 10274 9074 0 0
4096 10274 9076 0 0
4097 10274 9079 0 0
4098 10274 9081 0 0
4099 10274 9082 0 0
4100 10274 9085 0 0
4101 10274 9087 0 0
4102 10274 9088 0 0
4103 10274 9090 0 0
4104 10274 9092 0 0
4105 10274 9094 0 0
4106 10274 9096 0 0
4107 10274 9099 0 0
4108 10274 9101 0 0
4109 10274 9104 0 0
4110 10274 9106 0 0
4111 10274 9108 0 0
4112 10274 9111 0 0
4113 10274 9112 0 0
4114 10274 9116 0 0
4115 10274 9117 0 0
4116 10274 9119 0 0
4117 10274 9121 0 0
4118 10274 9122 0 0
4119 10274 9123 0 0
4120 10274 9126 0 0
4121 10274 9127 0 0
4122 10274 9129 0 0
4123 10274 9129 0 0
4124 10274 9133 0 0
4125 10274 9133 0 0
4126 10274 9138 0 0
4127 10274 9138 0 0
4128 10274 9141 0 0
4129 10274 9141 0 0
4130 10274 9146 0 0
4131 10274 9146 0 0
4132 10274 9150 0 0
4133 10274 9150 0 0
4134 10274 9153 0 0
4135 10274 9153 0 0
4136 10274 9157 0 0
4137 10274 9157 0 0
4138 10274 9161 0 0
4139 10274 9161 0 0
4140 10274 9165 0 0
4141 10274 9165 0 0
4142 10274 9167 0 0
4143 10274 9167 0 0
4144 10274 9171 0 0
4145 10274 9171 0 0
4146 10274 9175 0 0
4147 10274 9175 0 0
4148 10274 9178 0 0
4149 10274 9178 0 0
4150 10274 9181 0 0
4151 10274 9181 0 0
4152 10274 9185 0 0
4153 10274 9185 0 0
4154 10274 9190 0 0
4155 10274 9190 0 0
4156 10274 9195 0 0
4157 10274 9196 0 0
4158 10274 9199 0 0
4159 10274 9199 0 0
4160 10274 9202 0 0
4161 10274 9202 0 0
4162 10274 9206 0 0
4163 10274 9206 0 0
4164 10274 9210 0 0
4165 10274 9210 0 0
4166 10274 9214 0 0
4167 10274 9214 0 0
4168 10274 9217 0 0
4169 10274 9217 0 0
4170 10274 9222 0 0
4171 10274 9222 0 0
4172 10274 9226 0 0
4173 10274 9226 0 0
4174 10274 9230 0 0
4175 10274 9230 0 0
4176 10274 9235 0 0
4177 10274 9235 0 0
4178 10274 9239 0 0
4179 10274 9239 0 0
4180 10274 9242 0 0
4181 10274 9242 0 0
4182 10274 9246 0 0
4183 10274 9246 0 0
4184 10274 9250 0 0
4185 10274 9250 0 0
4186 10274 9255 0 0
4187 10274 9255 0 0
4188 10274 9259 0 0
4189 10274 9259 0 0
4190 10274 9264 0 0
4191 10274 9264 0 0
4192 10274 9271 0 0
4193 10274 9271 0 0
4194 10274 9275 0 0
4195 10274 9275 0 0
4196 10274 9281 0 0
4197 10274 9281 0 0
4198 10274 9286 0 0
4199 10274 9286 0 0
4200 10274 9290 0 0
4201 10274 9290 0 0
4202 10274 9293 0 0
4203 10274 9293 0 0
4204 10274 9297 0 0
4205 10274 9297 0 0
4206 10274 9301 0 0
4207 10274 9301 0 0
4208 10274 9306 0 0
4209 10274 9306 0 0
4210 10274 9311 0 0
4211 10274 9311 0 0
4212 10274 9315 0 0
4213 10274 9315 0 0
4214 10274 9319 0 0
4215 10274 9319 0 0
4216 10274 9323 0 0
4217 10274 9323 0 0
4218 10274 9327 0 0
4219 10274 9327 0 0
4220 10274 9330 0 0
4221 10274 9330 0 0
4222 10274 9333 0 0
4223 10274 9333 0 0
4224 10274 9339 0 0
4225 10274 9339 0 0
4226 10274 9345 0 0
4227 10274 9345 0 0
4228 10274 9348 0 0
4229 10274 9348 0 0
4230 10274 9353 0 0
4231 10274 9353 0 0
4232 10274 9359 0 0
4233 10274 9359 0 0
4234 10274 9364 0 0
4235 10274 9364 0 0
4236 10274 9368 0 0
4237 10274 9368 0 0
4238 10274 9373 0 0
4239 10274 9373 0 0
4240 10274 9378 0 0
4241 10274 9378 0 0
4242 10274 9383 0 0
4243 10274 9383 0 0
4244 10274 9388 0 0
4245 10274 9388 0 0
4246 10274 9394 0 0
4247 10274 9394 0 0
4248 10274 9397 0 0
4249 10274 9398 0 0
4250 10274 9400 0 0
4251 10274 9402 0 0
4252 10274 9406 0 0
4253 10274 9408 0 0
4254 10274 9410 0 0
4255 10274 9412 0 0
4256 10274 9415 0 0
4257 10274 9416 0 0
4258 10274 9419 0 0
4259 10274 9420 0 0
4260 10274 9423 0 0
4261 10274 9425 0 0
4262 10274 9427 0 0
4263 10274 9429 0 0
4264 10274 9432 0 0
4265 10274 9433 0 0
4266 10274 9435 0 0
4267 10274 9436 0 0
4268 10274 9440 0 0
4269 10274 9440 0 0
4270 10274 9442 0 0
4271 10274 9442 0 0
4272 10274 9445 0 0
4273 10274 9445 0 0
4274 10274 9450 0 0
4275 10274 9450 0 0
4276 10274 9454 0 0
4277 10274 9454 0 0
4278 10274 9458 0 0
4279 10274 9458 0 0
4280 10274 9461 0 0
4281 10274 9461 0 0
4282 10274 9465 0 0
4283 10274 9465 0 0
4284 10274 9469 0 0
4285 10274 9469 0 0
4286 10274 9474 0 0
4287 10274 9474 0 0
4288 10274 9478 0 0
4289 10274 9478 0 0
4290 10274 9483 0 0
4291 10274 9483 0 0
4292 10274 9488 0 0
4293 10274 9488 0 0
4294 10274 9492 0 0
4295 10274 9492 0 0
4296 10274 9497 0 0
4297 10274 9497 0 0
4298 10274 9501 0 0
4299 10274 9501 0 0
4300 10274 9505 0 0
4301 10274 9505 0 0
4302 10274 9509 0 0
4303 10274 9509 0 0
4304 10274 9514 0 0
4305 10274 9515 0 0
4306 10274 9518 0 0
4307 10274 9519 0 0
4308 10274 9523 0 0
4309 10274 9526 0 0
4310 10274 9528 0 0
4311 10274 9530 0 0
4312 10274 9532 0 0
4313 10274 9534 0 0
4314 10274 9536 0 0
4315 10274 9540 0 0
4316 10274 9541 0 0
4317 10274 9545 0 0
4318 10274 9547 0 0
4319 10274 9551 0 0
4320 10274 9552 0 0
4321 10274 9555 0 0
4322 10274 9557 0 0
4323 10274 9561 0 0
4324 10274 9562 0 0
4325 10274 9565 0 0
4326 10274 9565 0 0
4327 10274 9570 0 0
4328 10274 9570 0 0
4329 10274 9574 0 0
4330 10274 9574 0 0
4331 10274 9580 0 0
4332 10274 9580 0 0
4333 10274 9586 0 0
4334 10274 9586 0 0
4335 10274 9590 0 0
4336 10274 9590 0 0
4337 10274 9593 0 0
4338 10274 9593 0 0
4339 10274 9596 0 0
4340 10274 9596 0 0
4341 10274 9600 0 0
4342 10274 9600 0 0
4343 10274 9602 0 0
4344 10274 9602 0 0
4345 10274 9605 0 0
4346 10274 9605 0 0
4347 10274 9609 0 0
4348 10274 9609 0 0
4349 10274 9613 0 0
4350 10274 9613 0 0
4351 10274 9618 0 0
4352 10274 9618 0 0
4353 10274 9622 0 0
4354 10274 9622 0 0
4355 10274 9626 0 0
4356 10274 9626 0 0
4357 10274 9630 0 0
4358 10274 9630 0 0
4359 10274 9633 0 0
4360 10274 9633 0 0
4361 10274 9637 0 0
4362 10274 9637 0 0
4363 10274 9642 0 0
4364 10274 9642 0 0
4365 10274 9647 0 0
4366 10274 9647 0 0
4367 10274 9650 0 0
4368 10274 9650 0 0
4369 10274 9653 0 0
4370 10274 9653 0 0
4371 10274 9658 0 0
4372 10274 9658 0 0
4373 10274 9661 0 0
4374 10274 9661 0 0
4375 10274 9668 0 0
4376 10274 9668 0 0
4377 10274 9671 0 0
4378 10274 9671 0 0
4379 10274 9675 0 0
4380 10274 9675 0 0
4381 10274 9681 0 0
4382 10274 9681 0 0
4383 10274 9685 0 0
4384 10274 9685 0 0
4385 10274 9689 0 0
4386 10274 9689 0 0
4387 10274 9693 0 0
4388 10274 9693 0 0
4389 10274 9698 0 0
4390 10274 9698 0 0
4391 10274 9701 0 0
4392 10274 9701 0 0
4393 10274 9705 0 0
4394 10274 9705 0 0
4395 10274 9709 0 0
4396 10274 9709 0 0
4397 10274 9712 0 0
4398 10274 9712 0 0
4399 10274 9716 0 0
4400 10274 9716 0 0
4401 10274 9720 0 0
4402 10274 9720 0 0
4403 10274 9723 0 0
4404 10274 9723 0 0
4405 10274 9727 0 0
4406 10274 9727 0 0
4407 10274 9730 0 0
4408 10274 9730 0 0
4409 10274 9734 0 0
4410 10274 9734 0 0
4411 10274 9738 0 0
4412 10274 9738 0 0
4413 10274 9742 0 0
4414 10274 9742 0 0
4415 10274 9747 0 0
4416 10274 9747 0 0
4417 10274 9750 0 0
4418 10274 9750 0 0
4419 10274 9755 0 0
4420 10274 9755 0 0
4421 10274 9759 0 0
4422 10274 9759 0 0
4423 10274 9764 0 0
4424 10274 9764 0 0
4425 10274 9767 0 0
4426 10274 9767 0 0
4427 10274 9770 0 0
4428 10274 9770 0 0
4429 10274 9774 0 0
4430 10274 9774 0 0
4431 10274 9777 0 0
4432 10274 9777 0 0
4433 10274 9781 0 0
4434 10274 9781 0 0
4435 10274 9784 0 0
4436 10274 9784 0 0
4437 10274 9790 0 0
4438 10274 9790 0 0
4439 10274 9794 0 0
4440 10274 9794 0 0
4441 10274 9798 0 0
4442 10274 9798 0 0
4443 10274 9802 0 0
4444 10274 9802 0 0
4445 10274 9805 0 0
4446 10274 9805 0 0
4447 10274 9809 0 0
4448 10274 9809 0 0
4449 10274 9814 0 0
4450 10274 9814 0 0
4451 10274 9818 0 0
4452 10274 9818 0 0
4453 10274 9822 0 0
4454 10274 9822 0 0
4455 10274 9825 0 0
4456 10274 9825 0 0
4457 10274 9829 0 0
4458 10274 9829 0 0
4459 10274 9833 0 0
4460 10274 9833 0 0
4461 10274 9837 0 0
4462 10274 9837 0 0
4463 10274 9840 0 0
4464 10274 9840 0 0
4465 10274 9845 0 0
4466 10274 9845 0 0
4467 10274 9848 0 0
4468 10274 9848 0 0
4469 10274 9852 0 0
4470 10274 9852 0 0
4471 10274 9856 0 0
4472 10274 9856 0 0
4473 10274 9860 0 0
4474 10274 9860 0 0
4475 10274 9863 0 0
4476 10274 9863 0 0
4477 10274 9866 0 0
4478 10274 9866 0 0
4479 10274 9871 0 0
4480 10274 9871 0 0
4481 10274 9875 0 0
4482 10274 9875 0 0
4483 10274 9880 0 0
4484 10274 9881 0 0
4485 10274 9885 0 0
4486 10274 9885 0 0
4487 10274 9889 0 0
4488 10274 9889 0 0
4489 10274 9893 0 0
4490 10274 9893 0 0
4491 10274 9899 0 0
4492 10274 9899 0 0
4493 10274 9904 0 0
4494 10274 9904 0 0
4495 10274 9909 0 0
4496 10274 9909 0 0
4497 10274 9913 0 0
4498 10274 9913 0 0
4499 10274 9916 0 0
4500 10274 9916 0 0
4501 10274 9919 0 0
4502 10274 9919 0 0
4503 10274 9923 0 0
4504 10274 9923 0 0
4505 10274 9928 0 0
4506 10274 9928 0 0
4507 10274 9933 0 0
4508 10274 9933 0 0
4509 10274 9937 0 0
4510 10274 9937 0 0
4511 10274 9941 0 0
4512 10274 9941 0 0
4513 10274 9945 0 0
4514 10274 9945 0 0
4515 10274 9949 0 0
4516 10274 9949 0 0
4517 10274 9953 0 0
4518 10274 9953 0 0
4519 10274 9958 0 0
4520 10274 9958 0 0
4521 10274 9962 0 0
4522 10274 9962 0 0
4523 10274 9966 0 0
4524 10274 9966 0 0
4525 10274 9971 0 0
4526 10274 9971 0 0
4527 10274 9974 0 0
4528 10274 9974 0 0
4529 10274 9977 0 0
4530 10274 9977 0 0
4531 10274 9981 0 0
4532 10274 9981 0 0
4533 10274 9984 0 0
4534 10274 9984 0 0
4535 10274 9988 0 0
4536 10274 9988 0 0
4537 10274 9992 0 0
4538 10274 9992 0 0
4539 10274 9997 0 0
4540 10274 9997 0 0
4541 10274 10002 0 0
4542 10274 10002 0 0
4543 10274 10006 0 0
4544 10274 10006 0 0
4545 10274 10010 0 0
4546 10274 10010 0 0
4547 10274 10015 0 0
4548 10274 10015 0 0
4549 10274 10020 0 0
4550 10274 10020 0 0
4551 10274 10024 0 0
4552 10274 10024 0 0
4553 10274 10030 0 0
4554 10274 10030 0 0
4555 10274 10036 0 0
4556 10274 10036 0 0
4557 10274 10043 0 0
4558 10274 10043 0 0
4559 10274 10049 0 0
4560 10274 10049 0 0
4561 10274 10054 0 0
4562 10274 10054 0 0
4563 10274 10059 0 0
4564 10274 10059 0 0
4565 10274 10062 0 0
4566 10274 10062 0 0
4567 10274 10068 0 0
4568 10274 10068 0 0
4569 10274 10072 0 0
4570 10274 10072 0 0
4571 10274 10077 0 0
4572 10274 10077 0 0
4573 10274 10081 0 0
4574 10274 10081 0 0
4575 10274 10085 0 0
4576 10274 10085 0 0
4577 10274 10089 0 0
4578 10274 10089 0 0
4579 10274 10093 0 0
4580 10274 10093 0 0
4581 10274 10097 0 0
4582 10274 10097 0 0
4583 10274 10102 0 0
4584 10274 10102 0 0
4585 10274 10107 0 0
4586 10274 10107 0 0
4587 10274 10111 0 0
4588 10274 10111 0 0
4589 10274 10115 0 0
4590 10274 10115 0 0
4591 10274 10118 0 0
4592 10274 10118 0 0
4593 10274 10122 0 0
4594 10274 10122 0 0
4595 10274 10126 0 0
4596 10274 10126 0 0
4597 10274 10131 0 0
4598 10274 10131 0 0
4599 10274 10135 0 0
4600 10274 10135 0 0
4601 10274 10138 0 0
4602 10274 10138 0 0
4603 10274 10142 0 0
4604 10274 10142 0 0
4605 10274 10146 0 0
4606 10274 10146 0 0
4607 10274 10149 0 0
4608 10274 10149 0 0
4609 10274 10157 0 0
4610 10274 10157 0 0
4611 10274 10161 0 0
4612 10274 10161 0 0
4613 10274 10166 0 0
4614 10274 10166 0 0
4615 10274 10170 0 0
4616 10274 10170 0 0
4617 10274 10173 0 0
4618 10274 10173 0 0
4619 10274 10178 0 0
4620 10274 10178 0 0
4621 10274 10183 0 0
4622 10274 10183 0 0
4623 10274 10187 0 0
4624 10274 10187 0 0
4625 10274 10191 0 0
4626 10274 10191 0 0
4627 10274 10196 0 0
4628 10274 10196 0 0
4629 10274 10200 0 0
4630 10274 10200 0 0
4631 10274 10203 0 0
4632 10274 10203 0 0
4633 10274 10208 0 0
4634 10274 10208 0 0
4635 10274 10212 0 0
4636 10274 10212 0 0
4637 10274 10217 0 0
4638 10274 10217 0 0
4639 10274 10219 0 0
4640 10274 10219 0 0
4641 10274 10224 0 0
4642 10274 10224 0 0
4643 10274 10229 0 0
4644 10274 10229 0 0
4645 10274 10232 0 0
4646 10274 10232 0 0
4647 10274 10235 0 0
4648 10274 10235 0 0
4649 10274 10239 0 0
4650 10274 10239 0 0
4651 10274 10244 0 0
4652 10274 10244 0 0
4653 10274 10248 0 0
4654 10274 10248 0 0
4655 10274 10251 0 0
4656 10274 10251 0 0
4657 10274 10255 0 0
4658 10274 10255 0 0
4659 10274 10260 0 0
4660 10274 10260 0 0
4661 10274 10264 0 0
4662 10274 10264 0 0
4663 10274 10268 0 0
4664 10274 10268 0 0
4665 10274 10271 0 0
4666 10274 10271 0 0
4667 10274 10273 0 0
4668 10274 10273 0 0
4669 10274 10274 0 0
4670 10274 10274 0 0
4671 10274 10274 0 0
