0.0 1.4142135623730951
0.01 1.4142135623730951
0.02 1.4142135623730951
0.03 1.4142135623730951
0.04 1.4142135623730951
0.05 1.4142135623730951
0.06 1.4142135623730951
0.07 1.4142135623730951
0.08 1.4142135623730951
0.09 1.4142135623730951
0.1 1.4142135623730951
0.11 1.4142135623730951
0.12 1.4142135623730951
0.13 1.4142135623730951
0.14 1.4142135623730951
0.15 1.4142135623730951
0.16 1.4142135623730951
0.17 1.4142135623730951
0.18 1.4142135623730951
0.19 1.4142135623730951
0.2 1.4142135623730951
0.21 1.4142135623730951
0.22 1.4142135623730951
0.23 1.4142135623730951
0.24 1.4142135623730951
0.25 1.4142135623730951
0.26 1.4142135623730951
0.27 1.4142135623730951
0.28 1.4142135623730951
0.29 1.4142135623730951
0.3 1.4142135623730951
0.31 1.4142135623730951
0.32 1.4142135623730951
0.33 1.4142135623730951
0.34 1.4142135623730951
0.35 1.4142135623730951
0.36 1.4142135623730951
0.37 1.4142135623730951
0.38 1.4142135623730951
0.39 1.4142135623730951
0.4 1.4142135623730951
0.41 1.4142135623730951
0.42 1.4142135623730951
0.43 1.4142135623730951
0.44 1.4142135623730951
0.45 1.4142135623730951
0.46 1.4142135623730951
0.47 1.4142135623730951
0.48 1.4142135623730951
0.49 1.4142135623730951
0.5 1.4142135623730951
0.51 1.4142135623730951
0.52 1.4142135623730951
0.53 1.4142135623730951
0.54 1.4142135623730951
0.55 1.4142135623730951
0.56 1.4142135623730951
0.57 1.4142135623730951
0.58 1.4142135623730951
0.59 1.4142135623730951
0.6 1.4142135623730951
0.61 1.4142135623730951
0.62 1.4142135623730951
0.63 1.4142135623730951
0.64 1.4142135623730951
0.65 1.4142135623730951
0.66 1.4142135623730951
0.67 1.4142135623730951
0.68 1.4142135623730951
0.69 1.4142135623730951
0.7 1.4142135623730951
0.71 1.4142135623730951
0.72 1.4142135623730951
0.73 1.4142135623730951
0.74 1.4142135623730951
0.75 1.4142135623730951
0.76 1.4142135623730951
0.77 1.4142135623730951
0.78 1.4142135623730951
0.79 1.4142135623730951
0.8 1.4142135623730951
0.81 1.4142135623730951
0.82 1.4142135623730951
0.83 1.4142135623730951
0.84 1.4142135623730951
0.85 1.4142135623730951
0.86 1.4142135623730951
0.87 1.4142135623730951
0.88 1.4142135623730951
0.89 1.4142135623730951
0.9 1.4142135623730951
0.91 1.4142135623730951
0.92 1.4142135623730951
0.93 1.4142135623730951
0.94 1.4142135623730951
0.95 1.4142135623730951
0.96 1.4142135623730951
0.97 1.4142135623730951
0.98 1.4142135623730951
0.99 1.4142135623730951
1.0 1.4142135623730951
1.01 1.4142135623730951
1.02 1.4142135623730951
1.03 1.4142135623730951
1.04 1.4142135623730951
1.05 1.4142135623730951
1.06 1.4142135623730951
1.07 1.4142135623730951
1.08 1.4142135623730951
1.09 1.4142135623730951
1.1 1.4142135623730951
1.11 1.4142135623730951
1.12 1.4142135623730951
1.13 1.4142135623730951
1.14 1.4142135623730951
1.15 1.4142135623730951
1.16 1.4142135623730951
1.17 1.4142135623730951
1.18 1.4142135623730951
1.19 1.4142135623730951
1.2 1.4142135623730951
1.21 1.4142135623730951
1.22 1.4142135623730951
1.23 1.4142135623730951
1.24 1.4142135623730951
1.25 1.4142135623730951
1.26 1.4142135623730951
1.27 1.4142135623730951
1.28 1.4142135623730951
1.29 1.4142135623730951
1.3 1.4142135623730951
1.31 1.4142135623730951
1.32 1.4142135623730951
1.33 1.4142135623730951
1.34 1.4142135623730951
1.35 1.4142135623730951
1.36 1.4142135623730951
1.37 1.4142135623730951
1.38 1.4142135623730951
1.39 1.4142135623730951
1.4 1.4142135623730951
1.41 1.4142135623730951
1.42 1.4142135623730951
1.43 1.4142135623730951
1.44 1.4142135623730951
1.45 1.4142135623730951
1.46 1.4142135623730951
1.47 1.4142135623730951
1.48 1.4142135623730951
1.49 1.4142135623730951
1.5 1.4142135623730951
1.51 1.4142135623730951
1.52 1.4142135623730951
1.53 1.4142135623730951
1.54 1.4142135623730951
1.55 1.4142135623730951
1.56 1.4142135623730951
1.57 1.4142135623730951
1.58 1.4142135623730951
1.59 1.4142135623730951
1.6 1.4142135623730951
1.61 1.4142135623730951
1.62 1.4142135623730951
1.63 1.4142135623730951
1.64 1.4142135623730951
1.65 1.4142135623730951
1.66 1.4142135623730951
1.67 1.4142135623730951
1.68 1.4142135623730951
1.69 1.4142135623730951
1.7 1.4142135623730951
1.71 1.4142135623730951
1.72 1.4142135623730951
1.73 1.4142135623730951
1.74 1.4142135623730951
1.75 1.4142135623730951
1.76 1.4142135623730951
1.77 1.4142135623730951
1.78 1.4142135623730951
1.79 1.4142135623730951
1.8 1.4142135623730951
1.81 1.4142135623730951
1.82 1.4142135623730951
1.83 1.4142135623730951
1.84 1.4142135623730951
1.85 1.4142135623730951
1.86 1.4142135623730951
1.87 1.4142135623730951
1.88 1.4142135623730951
1.89 1.4142135623730951
1.9 1.4142135623730951
1.91 1.4142135623730951
1.92 1.4142135623730951
1.93 1.4142135623730951
1.94 1.4142135623730951
1.95 1.4142135623730951
1.96 1.4142135623730951
1.97 1.4142135623730951
1.98 1.4142135623730951
1.99 1.4142135623730951
2.0 1.4142135623730951
2.01 1.4142135623730951
2.02 1.4142135623730951
2.03 1.4142135623730951
2.04 1.4142135623730951
2.05 1.4142135623730951
2.06 1.4142135623730951
2.07 1.4142135623730951
2.08 1.4142135623730951
2.09 1.4142135623730951
2.1 1.4142135623730951
2.11 1.4142135623730951
2.12 1.4142135623730951
2.13 1.4142135623730951
2.14 1.4142135623730951
2.15 1.4142135623730951
2.16 1.4142135623730951
2.17 1.4142135623730951
2.18 1.4142135623730951
2.19 1.4142135623730951
2.2 1.4142135623730951
2.21 1.4142135623730951
2.22 1.4142135623730951
2.23 1.4142135623730951
2.24 1.4142135623730951
2.25 1.4142135623730951
2.26 1.4142135623730951
2.27 1.4142135623730951
2.28 1.4142135623730951
2.29 1.4142135623730951
2.3 1.4142135623730951
2.31 1.4142135623730951
2.32 1.4142135623730951
2.33 1.4142135623730951
2.34 1.4142135623730951
2.35 1.4142135623730951
2.36 1.4142135623730951
2.37 1.4142135623730951
2.38 1.4142135623730951
2.39 1.4142135623730951
2.4 1.4142135623730951
2.41 1.4142135623730951
2.42 1.4142135623730951
2.43 1.4142135623730951
2.44 1.4142135623730951
2.45 1.4142135623730951
2.46 1.4142135623730951
2.47 1.4142135623730951
2.48 1.4142135623730951
2.49 1.4142135623730951
2.5 1.4142135623730951
2.51 1.4142135623730951
2.52 1.4142135623730951
2.53 1.4142135623730951
2.54 1.4142135623730951
2.55 1.4142135623730951
2.56 1.4142135623730951
2.57 1.4142135623730951
2.58 1.4142135623730951
2.59 1.4142135623730951
2.6 1.4142135623730951
2.61 1.4142135623730951
2.62 1.4142135623730951
2.63 1.4142135623730951
2.64 1.4142135623730951
2.65 1.4142135623730951
2.66 1.4142135623730951
2.67 1.4142135623730951
2.68 1.4142135623730951
2.69 1.4142135623730951
2.7 1.4142135623730951
2.71 1.4142135623730951
2.72 1.4142135623730951
2.73 1.4142135623730951
2.74 1.4142135623730951
2.75 1.4142135623730951
2.76 1.4142135623730951
2.77 1.4142135623730951
2.78 1.4142135623730951
2.79 1.4142135623730951
2.8 1.4142135623730951
2.81 1.4142135623730951
2.82 1.4142135623730951
2.83 1.4142135623730951
2.84 1.4142135623730951
2.85 1.4142135623730951
2.86 1.4142135623730951
2.87 1.4142135623730951
2.88 1.4142135623730951
2.89 1.4142135623730951
2.9 1.4142135623730951
2.91 1.4142135623730951
2.92 1.4142135623730951
2.93 1.4142135623730951
2.94 1.4142135623730951
2.95 1.4142135623730951
2.96 1.4142135623730951
2.97 1.4142135623730951
2.98 1.4142135623730951
2.99 1.4142135623730951
3.0 1.4142135623730951
3.01 1.4142135623730951
3.02 1.4142135623730951
3.03 1.4142135623730951
3.04 1.4142135623730951
3.05 1.4142135623730951
3.06 1.4142135623730951
3.07 1.4142135623730951
3.08 1.4142135623730951
3.09 1.4142135623730951
3.1 1.4142135623730951
3.11 1.4142135623730951
3.12 1.4142135623730951
3.13 1.4142135623730951
3.14 1.4142135623730951
3.15 1.4142135623730951
3.16 1.4142135623730951
3.17 1.4142135623730951
3.18 1.4142135623730951
3.19 1.4142135623730951
3.2 1.4142135623730951
3.21 1.4142135623730951
3.22 1.4142135623730951
3.23 1.4142135623730951
3.24 1.4142135623730951
3.25 1.4142135623730951
3.26 1.4142135623730951
3.27 1.4142135623730951
3.28 1.4142135623730951
3.29 1.4142135623730951
3.3 1.4142135623730951
3.31 1.4142135623730951
3.32 1.4142135623730951
3.33 1.4142135623730951
3.34 1.4142135623730951
3.35 1.4142135623730951
3.36 1.4142135623730951
3.37 1.4142135623730951
3.38 1.4142135623730951
3.39 1.4142135623730951
3.4 1.4142135623730951
3.41 1.4142135623730951
3.42 1.4142135623730951
3.43 1.4142135623730951
3.44 1.4142135623730951
3.45 1.4142135623730951
3.46 1.4142135623730951
3.47 1.4142135623730951
3.48 1.4142135623730951
3.49 1.4142135623730951
3.5 1.4142135623730951
3.51 1.4142135623730951
3.52 1.4142135623730951
3.53 1.4142135623730951
3.54 1.4142135623730951
3.55 1.4142135623730951
3.56 1.4142135623730951
3.57 1.4142135623730951
3.58 1.4142135623730951
3.59 1.4142135623730951
3.6 1.4142135623730951
3.61 1.4142135623730951
3.62 1.4142135623730951
3.63 1.4142135623730951
3.64 1.4142135623730951
3.65 1.4142135623730951
3.66 1.4142135623730951
3.67 1.4142135623730951
3.68 1.4142135623730951
3.69 1.4142135623730951
3.7 1.4142135623730951
3.71 1.4142135623730951
3.72 1.4142135623730951
3.73 1.4142135623730951
3.74 1.4142135623730951
3.75 1.4142135623730951
3.76 1.4142135623730951
3.77 1.4142135623730951
3.78 1.4142135623730951
3.79 1.4142135623730951
3.8 1.4142135623730951
3.81 1.4142135623730951
3.82 1.4142135623730951
3.83 1.4142135623730951
3.84 1.4142135623730951
3.85 1.4142135623730951
3.86 1.4142135623730951
3.87 1.4142135623730951
3.88 1.4142135623730951
3.89 1.4142135623730951
3.9 1.4142135623730951
3.91 1.4142135623730951
3.92 1.4142135623730951
3.93 1.4142135623730951
3.94 1.4142135623730951
3.95 1.4142135623730951
3.96 1.4142135623730951
3.97 1.4142135623730951
3.98 1.4142135623730951
3.99 1.4142135623730951
4.0 1.4142135623730951
4.01 1.4142135623730951
4.02 1.4142135623730951
4.03 1.4142135623730951
4.04 1.4142135623730951
4.05 1.4142135623730951
4.06 1.4142135623730951
4.07 1.4142135623730951
4.08 1.4142135623730951
4.09 1.4142135623730951
4.1 1.4142135623730951
4.11 1.4142135623730951
4.12 1.4142135623730951
4.13 1.4142135623730951
4.14 1.4142135623730951
4.15 1.4142135623730951
4.16 1.4142135623730951
4.17 1.4142135623730951
4.18 1.4142135623730951
4.19 1.4142135623730951
4.2 1.4142135623730951
4.21 1.4142135623730951
4.22 1.4142135623730951
4.23 1.4142135623730951
4.24 1.4142135623730951
4.25 1.4142135623730951
4.26 1.4142135623730951
4.27 1.4142135623730951
4.28 1.4142135623730951
4.29 1.4142135623730951
4.3 1.4142135623730951
4.31 1.4142135623730951
4.32 1.4142135623730951
4.33 1.4142135623730951
4.34 1.4142135623730951
4.35 1.4142135623730951
4.36 1.4142135623730951
4.37 1.4142135623730951
4.38 1.4142135623730951
4.39 1.4142135623730951
4.4 1.4142135623730951
4.41 1.4142135623730951
4.42 1.4142135623730951
4.43 1.4142135623730951
4.44 1.4142135623730951
4.45 1.4142135623730951
4.46 1.4142135623730951
4.47 1.4142135623730951
4.48 1.4142135623730951
4.49 1.4142135623730951
4.5 1.4142135623730951
4.51 1.4142135623730951
4.52 1.4142135623730951
4.53 1.4142135623730951
4.54 1.4142135623730951
4.55 1.4142135623730951
4.56 1.4142135623730951
4.57 1.4142135623730951
4.58 1.4142135623730951
4.59 1.4142135623730951
4.6 1.4142135623730951
4.61 1.4142135623730951
4.62 1.4142135623730951
4.63 1.4142135623730951
4.64 1.4142135623730951
4.65 1.4142135623730951
4.66 1.4142135623730951
4.67 1.4142135623730951
4.68 1.4142135623730951
4.69 1.4142135623730951
4.7 1.4142135623730951
4.71 1.4142135623730951
4.72 1.4142135623730951
4.73 1.4142135623730951
4.74 1.4142135623730951
4.75 1.4142135623730951
4.76 1.4142135623730951
4.77 1.4142135623730951
4.78 1.4142135623730951
4.79 1.4142135623730951
4.8 1.4142135623730951
4.81 1.4142135623730951
4.82 1.4142135623730951
4.83 1.4142135623730951
4.84 1.4142135623730951
4.85 1.4142135623730951
4.86 1.4142135623730951
4.87 1.4142135623730951
4.88 1.4142135623730951
4.89 1.4142135623730951
4.9 1.4142135623730951
4.91 1.4142135623730951
4.92 1.4142135623730951
4.93 1.4142135623730951
4.94 1.4142135623730951
4.95 1.4142135623730951
4.96 1.4142135623730951
4.97 1.4142135623730951
4.98 1.4142135623730951
4.99 1.4142135623730951
5.0 1.4142135623730951
5.01 1.4142135623730951
5.02 1.4142135623730951
5.03 1.4142135623730951
5.04 1.4142135623730951
5.05 1.4142135623730951
5.06 1.4142135623730951
5.07 1.4142135623730951
5.08 1.4142135623730951
5.09 1.4142135623730951
5.1 1.4142135623730951
5.11 1.4142135623730951
5.12 1.4142135623730951
5.13 1.4142135623730951
5.14 1.4142135623730951
5.15 1.4142135623730951
5.16 1.4142135623730951
5.17 1.4142135623730951
5.18 1.4142135623730951
5.19 1.4142135623730951
5.2 1.4142135623730951
5.21 1.4142135623730951
5.22 1.4142135623730951
5.23 1.4142135623730951
5.24 1.4142135623730951
5.25 1.4142135623730951
5.26 1.4142135623730951
5.27 1.4142135623730951
5.28 1.4142135623730951
5.29 1.4142135623730951
5.3 1.4142135623730951
5.31 1.4142135623730951
5.32 1.4142135623730951
5.33 1.4142135623730951
5.34 1.4142135623730951
5.35 1.4142135623730951
5.36 1.4142135623730951
5.37 1.4142135623730951
5.38 1.4142135623730951
5.39 1.4142135623730951
5.4 1.4142135623730951
5.41 1.4142135623730951
5.42 1.4142135623730951
5.43 1.4142135623730951
5.44 1.4142135623730951
5.45 1.4142135623730951
5.46 1.4142135623730951
5.47 1.4142135623730951
5.48 1.4142135623730951
5.49 1.4142135623730951
5.5 1.4142135623730951
5.51 1.4142135623730951
5.52 1.4142135623730951
5.53 1.4142135623730951
5.54 1.4142135623730951
5.55 1.4142135623730951
5.56 1.4142135623730951
5.57 1.4142135623730951
5.58 1.4142135623730951
5.59 1.4142135623730951
5.6 1.4142135623730951
5.61 1.4142135623730951
5.62 1.4142135623730951
5.63 1.4142135623730951
5.64 1.4142135623730951
5.65 1.4142135623730951
5.66 1.4142135623730951
5.67 1.4142135623730951
5.68 1.4142135623730951
5.69 1.4142135623730951
5.7 1.4142135623730951
5.71 1.4142135623730951
5.72 1.4142135623730951
5.73 1.4142135623730951
5.74 1.4142135623730951
5.75 1.4142135623730951
5.76 1.4142135623730951
5.77 1.4142135623730951
5.78 1.4142135623730951
5.79 1.4142135623730951
5.8 1.4142135623730951
5.81 1.4142135623730951
5.82 1.4142135623730951
5.83 1.4142135623730951
5.84 1.4142135623730951
5.85 1.4142135623730951
5.86 1.4142135623730951
5.87 1.4142135623730951
5.88 1.4142135623730951
5.89 1.4142135623730951
5.9 1.4142135623730951
5.91 1.4142135623730951
5.92 1.4142135623730951
5.93 1.4142135623730951
5.94 1.4142135623730951
5.95 1.4142135623730951
5.96 1.4142135623730951
5.97 1.4142135623730951
5.98 1.4142135623730951
5.99 1.4142135623730951
6.0 1.4142135623730951
6.01 1.4142135623730951
6.02 1.4142135623730951
6.03 1.4142135623730951
6.04 1.4142135623730951
6.05 1.4142135623730951
6.06 1.4142135623730951
6.07 1.4142135623730951
6.08 1.4142135623730951
6.09 1.4142135623730951
6.1 1.4142135623730951
6.11 1.4142135623730951
6.12 1.4142135623730951
6.13 1.4142135623730951
6.14 1.4142135623730951
6.15 1.4142135623730951
6.16 1.4142135623730951
6.17 1.4142135623730951
6.18 1.4142135623730951
6.19 1.4142135623730951
6.2 1.4142135623730951
6.21 1.4142135623730951
6.22 1.4142135623730951
6.23 1.4142135623730951
6.24 1.4142135623730951
6.25 1.4142135623730951
6.26 1.4142135623730951
6.27 1.4142135623730951
6.28 1.4142135623730951
6.29 1.4142135623730951
6.3 1.4142135623730951
6.31 1.4142135623730951
6.32 1.4142135623730951
6.33 1.4142135623730951
6.34 1.4142135623730951
6.35 1.4142135623730951
6.36 1.4142135623730951
6.37 1.4142135623730951
6.38 1.4142135623730951
6.39 1.4142135623730951
6.4 1.4142135623730951
6.41 1.4142135623730951
6.42 1.4142135623730951
6.43 1.4142135623730951
6.44 1.4142135623730951
6.45 1.4142135623730951
6.46 1.4142135623730951
6.47 1.4142135623730951
6.48 1.4142135623730951
6.49 1.4142135623730951
6.5 1.4142135623730951
6.51 1.4142135623730951
6.52 1.4142135623730951
6.53 1.4142135623730951
6.54 1.4142135623730951
6.55 1.4142135623730951
6.56 1.4142135623730951
6.57 1.4142135623730951
6.58 1.4142135623730951
6.59 1.4142135623730951
6.6 1.4142135623730951
6.61 1.4142135623730951
6.62 1.4142135623730951
6.63 1.4142135623730951
6.64 1.4142135623730951
6.65 1.4142135623730951
6.66 1.4142135623730951
6.67 1.4142135623730951
6.68 1.4142135623730951
6.69 1.4142135623730951
6.7 1.4142135623730951
6.71 1.4142135623730951
6.72 1.4142135623730951
6.73 1.4142135623730951
6.74 1.4142135623730951
6.75 1.4142135623730951
6.76 1.4142135623730951
6.77 1.4142135623730951
6.78 1.4142135623730951
6.79 1.4142135623730951
6.8 1.4142135623730951
6.81 1.4142135623730951
6.82 1.4142135623730951
6.83 1.4142135623730951
6.84 1.4142135623730951
6.85 1.4142135623730951
6.86 1.4142135623730951
6.87 1.4142135623730951
6.88 1.4142135623730951
6.89 1.4142135623730951
6.9 1.4142135623730951
6.91 1.4142135623730951
6.92 1.4142135623730951
6.93 1.4142135623730951
6.94 1.4142135623730951
6.95 1.4142135623730951
6.96 1.4142135623730951
6.97 1.4142135623730951
6.98 1.4142135623730951
6.99 1.4142135623730951
7.0 1.4142135623730951
7.01 1.4142135623730951
7.02 1.4142135623730951
7.03 1.4142135623730951
7.04 1.4142135623730951
7.05 1.4142135623730951
7.06 1.4142135623730951
7.07 1.4142135623730951
7.08 1.4142135623730951
7.09 1.4142135623730951
7.1 1.4142135623730951
7.11 1.4142135623730951
7.12 1.4142135623730951
7.13 1.4142135623730951
7.14 1.4142135623730951
7.15 1.4142135623730951
7.16 1.4142135623730951
7.17 1.4142135623730951
7.18 1.4142135623730951
7.19 1.4142135623730951
7.2 1.4142135623730951
7.21 1.4142135623730951
7.22 1.4142135623730951
7.23 1.4142135623730951
7.24 1.4142135623730951
7.25 1.4142135623730951
7.26 1.4142135623730951
7.27 1.4142135623730951
7.28 1.4142135623730951
7.29 1.4142135623730951
7.3 1.4142135623730951
7.31 1.4142135623730951
7.32 1.4142135623730951
7.33 1.4142135623730951
7.34 1.4142135623730951
7.35 1.4142135623730951
7.36 1.4142135623730951
7.37 1.4142135623730951
7.38 1.4142135623730951
7.39 1.4142135623730951
7.4 1.4142135623730951
7.41 1.4142135623730951
7.42 1.4142135623730951
7.43 1.4142135623730951
7.44 1.4142135623730951
7.45 1.4142135623730951
7.46 1.4142135623730951
7.47 1.4142135623730951
7.48 1.4142135623730951
7.49 1.4142135623730951
7.5 1.4142135623730951
7.51 1.4142135623730951
7.52 1.4142135623730951
7.53 1.4142135623730951
7.54 1.4142135623730951
7.55 1.4142135623730951
7.56 1.4142135623730951
7.57 1.4142135623730951
7.58 1.4142135623730951
7.59 1.4142135623730951
7.6 1.4142135623730951
7.61 1.4142135623730951
7.62 1.4142135623730951
7.63 1.4142135623730951
7.64 1.4142135623730951
7.65 1.4142135623730951
7.66 1.4142135623730951
7.67 1.4142135623730951
7.68 1.4142135623730951
7.69 1.4142135623730951
7.7 1.4142135623730951
7.71 1.4142135623730951
7.72 1.4142135623730951
7.73 1.4142135623730951
7.74 1.4142135623730951
7.75 1.4142135623730951
7.76 1.4142135623730951
7.77 1.4142135623730951
7.78 1.4142135623730951
7.79 1.4142135623730951
7.8 1.4142135623730951
7.81 1.4142135623730951
7.82 1.4142135623730951
7.83 1.4142135623730951
7.84 1.4142135623730951
7.85 1.4142135623730951
7.86 1.4142135623730951
7.87 1.4142135623730951
7.88 1.4142135623730951
7.89 1.4142135623730951
7.9 1.4142135623730951
7.91 1.4142135623730951
7.92 1.4142135623730951
7.93 1.4142135623730951
7.94 1.4142135623730951
7.95 1.4142135623730951
7.96 1.4142135623730951
7.97 1.4142135623730951
7.98 1.4142135623730951
7.99 1.4142135623730951
8.0 1.4142135623730951
8.01 1.4142135623730951
8.02 1.4142135623730951
8.03 1.4142135623730951
8.04 1.4142135623730951
8.05 1.4142135623730951
8.06 1.4142135623730951
8.07 1.4142135623730951
8.08 1.4142135623730951
8.09 1.4142135623730951
8.1 1.4142135623730951
8.11 1.4142135623730951
8.12 1.4142135623730951
8.13 1.4142135623730951
8.14 1.4142135623730951
8.15 1.4142135623730951
8.16 1.4142135623730951
8.17 1.4142135623730951
8.18 1.4142135623730951
8.19 1.4142135623730951
8.2 1.4142135623730951
8.21 1.4142135623730951
8.22 1.4142135623730951
8.23 1.4142135623730951
8.24 1.4142135623730951
8.25 1.4142135623730951
8.26 1.4142135623730951
8.27 1.4142135623730951
8.28 1.4142135623730951
8.29 1.4142135623730951
8.3 1.4142135623730951
8.31 1.4142135623730951
8.32 1.4142135623730951
8.33 1.4142135623730951
8.34 1.4142135623730951
8.35 1.4142135623730951
8.36 1.4142135623730951
8.37 1.4142135623730951
8.38 1.4142135623730951
8.39 1.4142135623730951
8.4 1.4142135623730951
8.41 1.4142135623730951
8.42 1.4142135623730951
8.43 1.4142135623730951
8.44 1.4142135623730951
8.45 1.4142135623730951
8.46 1.4142135623730951
8.47 1.4142135623730951
8.48 1.4142135623730951
8.49 1.4142135623730951
8.5 1.4142135623730951
8.51 1.4142135623730951
8.52 1.4142135623730951
8.53 1.4142135623730951
8.54 1.4142135623730951
8.55 1.4142135623730951
8.56 1.4142135623730951
8.57 1.4142135623730951
8.58 1.4142135623730951
8.59 1.4142135623730951
8.6 1.4142135623730951
8.61 1.4142135623730951
8.62 1.4142135623730951
8.63 1.4142135623730951
8.64 1.4142135623730951
8.65 1.4142135623730951
8.66 1.4142135623730951
8.67 1.4142135623730951
8.68 1.4142135623730951
8.69 1.4142135623730951
8.7 1.4142135623730951
8.71 1.4142135623730951
8.72 1.4142135623730951
8.73 1.4142135623730951
8.74 1.4142135623730951
8.75 1.4142135623730951
8.76 1.4142135623730951
8.77 1.4142135623730951
8.78 1.4142135623730951
8.79 1.4142135623730951
8.8 1.4142135623730951
8.81 1.4142135623730951
8.82 1.4142135623730951
8.83 1.4142135623730951
8.84 1.4142135623730951
8.85 1.4142135623730951
8.86 1.4142135623730951
8.87 1.4142135623730951
8.88 1.4142135623730951
8.89 1.4142135623730951
8.9 1.4142135623730951
8.91 1.4142135623730951
8.92 1.4142135623730951
8.93 1.4142135623730951
8.94 1.4142135623730951
8.95 1.4142135623730951
8.96 1.4142135623730951
8.97 1.4142135623730951
8.98 1.4142135623730951
8.99 1.4142135623730951
9.0 1.4142135623730951
9.01 1.4142135623730951
9.02 1.4142135623730951
9.03 1.4142135623730951
9.04 1.4142135623730951
9.05 1.4142135623730951
9.06 1.4142135623730951
9.07 1.4142135623730951
9.08 1.4142135623730951
9.09 1.4142135623730951
9.1 1.4142135623730951
9.11 1.4142135623730951
9.12 1.4142135623730951
9.13 1.4142135623730951
9.14 1.4142135623730951
9.15 1.4142135623730951
9.16 1.4142135623730951
9.17 1.4142135623730951
9.18 1.4142135623730951
9.19 1.4142135623730951
9.2 1.4142135623730951
9.21 1.4142135623730951
9.22 1.4142135623730951
9.23 1.4142135623730951
9.24 1.4142135623730951
9.25 1.4142135623730951
9.26 1.4142135623730951
9.27 1.4142135623730951
9.28 1.4142135623730951
9.29 1.4142135623730951
9.3 1.4142135623730951
9.31 1.4142135623730951
9.32 1.4142135623730951
9.33 1.4142135623730951
9.34 1.4142135623730951
9.35 1.4142135623730951
9.36 1.4142135623730951
9.37 1.4142135623730951
9.38 1.4142135623730951
9.39 1.4142135623730951
9.4 1.4142135623730951
9.41 1.4142135623730951
9.42 1.4142135623730951
9.43 1.4142135623730951
9.44 1.4142135623730951
9.45 1.4142135623730951
9.46 1.4142135623730951
9.47 1.4142135623730951
9.48 1.4142135623730951
9.49 1.4142135623730951
9.5 1.4142135623730951
9.51 1.4142135623730951
9.52 1.4142135623730951
9.53 1.4142135623730951
9.54 1.4142135623730951
9.55 1.4142135623730951
9.56 1.4142135623730951
9.57 1.4142135623730951
9.58 1.4142135623730951
9.59 1.4142135623730951
9.6 1.4142135623730951
9.61 1.4142135623730951
9.62 1.4142135623730951
9.63 1.4142135623730951
9.64 1.4142135623730951
9.65 1.4142135623730951
9.66 1.4142135623730951
9.67 1.4142135623730951
9.68 1.4142135623730951
9.69 1.4142135623730951
9.7 1.4142135623730951
9.71 1.4142135623730951
9.72 1.4142135623730951
9.73 1.4142135623730951
9.74 1.4142135623730951
9.75 1.4142135623730951
9.76 1.4142135623730951
9.77 1.4142135623730951
9.78 1.4142135623730951
9.79 1.4142135623730951
9.8 1.4142135623730951
9.81 1.4142135623730951
9.82 1.4142135623730951
9.83 1.4142135623730951
9.84 1.4142135623730951
9.85 1.4142135623730951
9.86 1.4142135623730951
9.87 1.4142135623730951
9.88 1.4142135623730951
9.89 1.4142135623730951
9.9 1.4142135623730951
9.91 1.4142135623730951
9.92 1.4142135623730951
9.93 1.4142135623730951
9.94 1.4142135623730951
9.95 1.4142135623730951
9.96 1.4142135623730951
9.97 1.4142135623730951
9.98 1.4142135623730951
9.99 1.4142135623730951
