1 13982 100 0 0
2 13982 200 0 0
3 13982 300 0 0
4 13982 400 0 0
5 13982 500 0 0
6 13982 600 0 0
7 13982 700 0 0
8 13982 800 0 0
9 13982 900 0 0
10 13982 1000 0 0
11 13982 1021 0 0
12 13982 1021 0 0
13 13982 1036 0 0
14 13982 1036 0 0
15 13982 1061 0 0
16 13982 1061 0 0
17 13982 1092 0 0
18 13982 1094 0 0
19 13982 1123 20 20
20 13982 1125 20 20
21 13982 1152 20 20
22 13982 1157 20 20
23 13982 1178 20 20
24 13982 1203 20 20
25 13982 1227 20 20
26 13982 1243 20 20
27 13982 1254 20 20
28 13982 1276 20 20
29 13982 1298 20 20
30 13982 1330 20 20
31 13982 1348 20 20
32 13982 1371 20 20
33 13982 1395 20 20
34 13982 1415 40 40
35 13982 1429 40 40
36 13982 1481 40 40
37 13982 1496 40 40
38 13982 1518 40 40
39 13982 1523 40 40
40 13982 1556 40 40
41 13982 1562 40 40
42 13982 1579 40 39
43 13982 1583 40 37
44 13982 1585 40 37
45 13982 1589 40 34
46 13982 1593 40 32
47 13982 1594 40 32
48 13982 1596 40 31
49 13982 1599 60 49
50 13982 1601 60 48
51 13982 1604 60 48
52 13982 1605 60 48
53 13982 1608 60 47
54 13982 1611 60 45
55 13982 1613 60 44
56 13982 1616 60 43
57 13982 1618 60 43
58 13982 1620 60 42
59 13982 1623 60 41
60 13982 1625 60 40
61 13982 1628 60 39
62 13982 1630 60 39
63 13982 1631 60 39
64 13982 1633 80 59
65 13982 1634 80 59
66 13982 1636 80 59
67 13982 1638 80 59
68 13982 1640 80 59
69 13982 1641 80 58
70 13982 1646 80 57
71 13982 1649 80 55
72 13982 1652 80 52
73 13982 1658 80 52
74 13982 1658 80 52
75 13982 1663 80 50
76 13982 1668 80 48
77 13982 1672 80 45
78 13982 1678 80 44
79 13982 1680 100 64
80 13982 1684 100 63
81 13982 1686 100 62
82 13982 1689 100 59
83 13982 1694 100 58
84 13982 1697 100 58
85 13982 1701 100 57
86 13982 1706 100 55
87 13982 1709 100 55
88 13982 1713 100 54
89 13982 1718 100 53
90 13982 1720 100 53
91 13982 1725 100 52
92 13982 1728 100 51
93 13982 1732 100 50
94 13982 1735 120 70
95 13982 1739 120 67
96 13982 1743 120 67
97 13982 1747 120 65
98 13982 1751 120 63
99 13982 1754 120 63
100 13982 1757 120 60
101 13982 1765 120 59
102 13982 1768 120 58
103 13982 1773 120 55
104 13982 1779 120 53
105 13982 1784 120 51
106 13982 1789 120 50
107 13982 1792 120 49
108 13982 1797 120 47
109 13982 1801 140 66
110 13982 1803 140 66
111 13982 1809 140 64
112 13982 1814 140 63
113 13982 1818 140 62
114 13982 1823 140 60
115 13982 1829 140 58
116 13982 1833 140 57
117 13982 1838 140 56
118 13982 1841 140 54
119 13982 1846 140 53
120 13982 1851 140 52
121 13982 1856 140 51
122 13982 1861 140 50
123 13982 1865 140 48
124 13982 1869 160 67
125 13982 1872 160 66
126 13982 1877 160 66
127 13982 1879 160 66
128 13982 1883 160 63
129 13982 1888 160 62
130 13982 1892 160 59
131 13982 1900 160 57
132 13982 1902 160 57
133 13982 1906 160 54
134 13982 1912 160 53
135 13982 1915 160 51
136 13982 1923 160 49
137 13982 1927 160 48
138 13982 1931 160 47
139 13982 1937 180 65
140 13982 1941 180 63
141 13982 1946 180 62
142 13982 1952 180 61
143 13982 1955 180 61
144 13982 1960 180 60
145 13982 1962 180 59
146 13982 1968 180 55
147 13982 1975 180 53
148 13982 1978 180 52
149 13982 1984 180 51
150 13982 1987 180 50
151 13982 1992 180 48
152 13982 1998 180 48
153 13982 2000 180 47
154 13982 2007 200 66
155 13982 2009 200 65
156 13982 2015 200 61
157 13982 2021 200 61
158 13982 2023 200 60
159 13982 2028 200 57
160 13982 2034 200 54
161 13982 2039 200 54
162 13982 2043 200 53
163 13982 2048 200 51
164 13982 2053 200 49
165 13982 2057 200 48
166 13982 2062 200 48
167 13982 2066 200 47
168 13982 2069 200 46
169 13982 2074 220 64
170 13982 2079 220 62
171 13982 2083 220 62
172 13982 2088 220 59
173 13982 2094 220 56
174 13982 2098 220 56
175 13982 2102 220 55
176 13982 2108 220 53
177 13982 2113 220 52
178 13982 2116 220 51
179 13982 2120 220 51
180 13982 2122 220 50
181 13982 2127 220 49
182 13982 2128 220 49
183 13982 2132 220 47
184 13982 2135 240 67
185 13982 2137 240 66
186 13982 2143 240 63
187 13982 2148 240 61
188 13982 2153 240 59
189 13982 2158 240 58
190 13982 2161 240 56
191 13982 2168 240 54
192 13982 2173 240 53
193 13982 2176 240 53
194 13982 2180 240 52
195 13982 2185 240 49
196 13982 2190 240 47
197 13982 2195 240 45
198 13982 2201 240 44
199 13982 2205 260 62
200 13982 2211 260 60
201 13982 2215 260 58
202 13982 2220 260 56
203 13982 2225 260 55
204 13982 2228 260 54
205 13982 2234 260 54
206 13982 2236 260 54
207 13982 2242 260 52
208 13982 2246 260 52
209 13982 2249 260 51
210 13982 2254 260 49
211 13982 2258 260 48
212 13982 2263 260 46
213 13982 2269 260 44
214 13982 2273 280 62
215 13982 2278 280 60
216 13982 2285 280 57
217 13982 2289 280 57
218 13982 2293 280 56
219 13982 2298 280 55
220 13982 2301 280 54
221 13982 2306 280 52
222 13982 2311 280 51
223 13982 2314 280 49
224 13982 2320 280 48
225 13982 2324 280 46
226 13982 2329 280 44
227 13982 2335 280 42
228 13982 2339 280 40
229 13982 2346 300 58
230 13982 2350 300 58
231 13982 2352 300 58
232 13982 2358 300 56
233 13982 2363 300 55
234 13982 2365 300 55
235 13982 2372 300 53
236 13982 2377 300 51
237 13982 2381 300 50
238 13982 2386 300 49
239 13982 2390 300 46
240 13982 2396 300 43
241 13982 2402 300 41
242 13982 2406 300 40
243 13982 2412 300 40
244 13982 2415 320 58
245 13982 2422 320 55
246 13982 2428 320 53
247 13982 2435 320 50
248 13982 2440 320 50
249 13982 2445 320 47
250 13982 2451 320 45
251 13982 2455 320 43
252 13982 2462 320 41
253 13982 2466 320 41
254 13982 2470 320 38
255 13982 2478 320 38
256 13982 2481 320 36
257 13982 2486 320 35
258 13982 2490 320 33
259 13982 2497 340 49
260 13982 2503 340 49
261 13982 2508 340 46
262 13982 2513 340 46
263 13982 2515 340 45
264 13982 2523 340 40
265 13982 2530 340 40
266 13982 2532 340 39
267 13982 2540 340 37
268 13982 2542 340 37
269 13982 2546 340 34
270 13982 2553 340 32
271 13982 2556 340 31
272 13982 2561 340 29
273 13982 2567 340 28
274 13982 2569 360 47
275 13982 2576 360 44
276 13982 2581 360 43
277 13982 2585 360 41
278 13982 2591 360 40
279 13982 2593 360 39
280 13982 2600 360 36
281 13982 2606 360 35
282 13982 2610 360 33
283 13982 2617 360 32
284 13982 2619 360 31
285 13982 2622 360 29
286 13982 2628 360 27
287 13982 2633 360 25
288 13982 2637 360 25
289 13982 2640 380 44
290 13982 2644 380 41
291 13982 2650 380 40
292 13982 2653 380 39
293 13982 2658 380 38
294 13982 2660 380 38
295 13982 2664 380 36
296 13982 2670 380 34
297 13982 2673 380 33
298 13982 2677 380 32
299 13982 2680 380 31
300 13982 2682 380 30
301 13982 2685 380 30
302 13982 2690 380 27
303 13982 2696 380 25
304 13982 2699 400 45
305 13982 2704 400 41
306 13982 2712 400 39
307 13982 2715 400 38
308 13982 2722 400 34
309 13982 2728 400 33
310 13982 2731 400 31
311 13982 2739 400 30
312 13982 2742 400 28
313 13982 2747 400 26
314 13982 2752 400 24
315 13982 2757 400 22
316 13982 2762 400 21
317 13982 2766 400 21
318 13982 2772 400 19
319 13982 2777 420 36
320 13982 2782 420 35
321 13982 2785 420 35
322 13982 2791 420 34
323 13982 2796 420 31
324 13982 2801 420 30
325 13982 2805 420 30
326 13982 2809 420 29
327 13982 2812 420 27
328 13982 2814 420 26
329 13982 2817 420 26
330 13982 2823 420 22
331 13982 2828 420 20
332 13982 2831 420 20
333 13982 2836 420 18
334 13982 2843 440 34
335 13982 2848 440 32
336 13982 2851 440 31
337 13982 2855 440 31
338 13982 2859 440 29
339 13982 2866 440 26
340 13982 2872 440 25
341 13982 2874 440 25
342 13982 2880 440 23
343 13982 2885 440 21
344 13982 2890 440 19
345 13982 2897 440 17
346 13982 2903 440 15
347 13982 2906 440 13
348 13982 2914 440 11
349 13982 2917 460 31
350 13982 2924 460 27
351 13982 2932 460 26
352 13982 2933 460 26
353 13982 2941 460 23
354 13982 2945 460 22
355 13982 2950 460 18
356 13982 2957 460 18
357 13982 2958 460 18
358 13982 2964 460 15
359 13982 2968 460 14
360 13982 2972 460 12
361 13982 2978 460 11
362 13982 2982 460 10
363 13982 2986 460 9
364 13982 2992 480 25
365 13982 2999 480 22
366 13982 3004 480 22
367 13982 3008 480 22
368 13982 3013 480 18
369 13982 3020 480 15
370 13982 3027 480 13
371 13982 3031 480 12
372 13982 3036 480 11
373 13982 3041 480 9
374 13982 3044 480 8
375 13982 3049 480 7
376 13982 3052 480 6
377 13982 3056 480 5
378 13982 3059 480 4
379 13982 3064 500 21
380 13982 3070 500 19
381 13982 3074 500 19
382 13982 3079 500 18
383 13982 3082 500 17
384 13982 3085 500 15
385 13982 3089 500 15
386 13982 3095 500 11
387 13982 3102 500 10
388 13982 3105 500 10
389 13982 3108 500 7
390 13982 3114 500 4
391 13982 3119 500 3
392 13982 3123 500 2
393 13982 3128 500 1
394 13982 3132 520 19
395 13982 3138 520 16
396 13982 3145 520 13
397 13982 3150 520 12
398 13982 3156 520 10
399 13982 3160 520 9
400 13982 3164 520 7
401 13982 3172 520 5
402 13982 3177 520 3
403 13982 3183 520 1
404 13982 3188 520 0
405 13982 3191 520 0
406 13982 3195 520 0
407 13982 3196 520 0
408 13982 3198 520 0
409 13982 3205 540 13
410 13982 3213 540 10
411 13982 3217 540 10
412 13982 3223 540 8
413 13982 3229 540 6
414 13982 3231 540 5
415 13982 3237 540 4
416 13982 3243 540 1
417 13982 3247 540 0
418 13982 3251 540 0
419 13982 3253 540 0
420 13982 3254 540 0
421 13982 3255 540 0
422 13982 3255 540 0
423 13982 3255 540 0
424 13982 3261 560 14
425 13982 3271 560 10
426 13982 3275 560 10
427 13982 3280 560 10
428 13982 3283 560 9
429 13982 3286 560 6
430 13982 3295 560 3
431 13982 3300 560 2
432 13982 3305 560 1
433 13982 3310 560 1
434 13982 3311 560 0
435 13982 3315 560 0
436 13982 3316 560 0
437 13982 3317 560 0
438 13982 3318 560 0
439 13982 3323 580 15
440 13982 3331 580 13
441 13982 3334 580 12
442 13982 3339 580 10
443 13982 3344 580 8
444 13982 3348 580 6
445 13982 3354 580 5
446 13982 3359 580 3
447 13982 3365 580 1
448 13982 3369 580 0
449 13982 3370 580 0
450 13982 3374 580 0
451 13982 3375 580 0
452 13982 3375 580 0
453 13982 3375 580 0
454 13982 3380 600 15
455 13982 3390 600 10
456 13982 3395 600 10
457 13982 3399 600 10
458 13982 3404 600 9
459 13982 3406 600 7
460 13982 3414 600 3
461 13982 3421 600 2
462 13982 3423 600 2
463 13982 3429 600 2
464 13982 3431 600 0
465 13982 3432 600 0
466 13982 3434 600 0
467 13982 3436 600 0
468 13982 3436 600 0
469 13982 3442 620 14
470 13982 3452 620 12
471 13982 3454 620 12
472 13982 3460 620 10
473 13982 3464 620 8
474 13982 3468 620 5
475 13982 3475 620 5
476 13982 3480 620 2
477 13982 3487 620 0
478 13982 3491 620 0
479 13982 3491 620 0
480 13982 3495 620 0
481 13982 3495 620 0
482 13982 3495 620 0
483 13982 3496 620 0
484 13982 3501 640 15
485 13982 3511 640 10
486 13982 3515 640 10
487 13982 3519 640 10
488 13982 3523 640 8
489 13982 3528 640 5
490 13982 3535 640 3
491 13982 3541 640 2
492 13982 3546 640 1
493 13982 3550 640 0
494 13982 3551 640 0
495 13982 3555 640 0
496 13982 3556 640 0
497 13982 3556 640 0
498 13982 3556 640 0
499 13982 3561 660 15
500 13982 3569 660 12
501 13982 3574 660 10
502 13982 3580 660 10
503 13982 3583 660 9
504 13982 3587 660 7
505 13982 3595 660 5
506 13982 3601 660 2
507 13982 3608 660 0
508 13982 3611 660 0
509 13982 3612 660 0
510 13982 3614 660 0
511 13982 3614 660 0
512 13982 3614 660 0
513 13982 3614 660 0
514 13982 3619 680 15
515 13982 3628 680 11
516 13982 3633 680 10
517 13982 3638 680 10
518 13982 3641 680 10
519 13982 3645 680 7
520 13982 3653 680 4
521 13982 3659 680 1
522 13982 3666 680 0
523 13982 3670 680 0
524 13982 3672 680 0
525 13982 3675 680 0
526 13982 3675 680 0
527 13982 3676 680 0
528 13982 3676 680 0
529 13982 3682 700 14
530 13982 3690 700 11
531 13982 3695 700 10
532 13982 3701 700 10
533 13982 3704 700 8
534 13982 3708 700 6
535 13982 3714 700 5
536 13982 3720 700 2
537 13982 3726 700 1
538 13982 3729 700 1
539 13982 3732 700 0
540 13982 3733 700 0
541 13982 3733 700 0
542 13982 3735 700 0
543 13982 3735 700 0
544 13982 3739 720 16
545 13982 3747 720 13
546 13982 3752 720 11
547 13982 3758 720 10
548 13982 3763 720 10
549 13982 3766 720 7
550 13982 3773 720 3
551 13982 3780 720 1
552 13982 3785 720 0
553 13982 3790 720 0
554 13982 3791 720 0
555 13982 3795 720 0
556 13982 3796 720 0
557 13982 3796 720 0
558 13982 3796 720 0
559 13982 3803 740 13
560 13982 3813 740 10
561 13982 3816 740 10
562 13982 3823 740 9
563 13982 3827 740 7
564 13982 3831 740 4
565 13982 3839 740 3
566 13982 3844 740 1
567 13982 3849 740 0
568 13982 3853 740 0
569 13982 3853 740 0
570 13982 3856 740 0
571 13982 3857 740 0
572 13982 3857 740 0
573 13982 3857 740 0
574 13982 3865 760 12
575 13982 3875 760 10
576 13982 3877 760 10
577 13982 3885 760 8
578 13982 3889 760 6
579 13982 3892 760 3
580 13982 3900 760 2
581 13982 3904 760 0
582 13982 3911 760 0
583 13982 3913 760 0
584 13982 3913 760 0
585 13982 3915 760 0
586 13982 3915 760 0
587 13982 3915 760 0
588 13982 3915 760 0
589 13982 3922 780 13
590 13982 3932 780 10
591 13982 3935 780 10
592 13982 3940 780 10
593 13982 3944 780 9
594 13982 3949 780 5
595 13982 3956 780 3
596 13982 3962 780 1
597 13982 3967 780 0
598 13982 3971 780 0
599 13982 3972 780 0
600 13982 3975 780 0
601 13982 3976 780 0
602 13982 3977 780 0
603 13982 3977 780 0
604 13982 3984 800 13
605 13982 3993 800 11
606 13982 3996 800 10
607 13982 4002 800 9
608 13982 4006 800 8
609 13982 4010 800 5
610 13982 4019 800 2
611 13982 4024 800 1
612 13982 4028 800 0
613 13982 4032 800 0
614 13982 4033 800 0
615 13982 4034 800 0
616 13982 4036 800 0
617 13982 4036 800 0
618 13982 4036 800 0
619 13982 4041 820 15
620 13982 4048 820 12
621 13982 4053 820 11
622 13982 4058 820 11
623 13982 4061 820 10
624 13982 4065 820 7
625 13982 4071 820 6
626 13982 4075 820 6
627 13982 4079 820 4
628 13982 4083 820 3
629 13982 4085 820 3
630 13982 4090 820 1
631 13982 4094 820 0
632 13982 4095 820 0
633 13982 4098 820 0
634 13982 4101 840 17
635 13982 4107 840 15
636 13982 4110 840 15
637 13982 4114 840 12
638 13982 4120 840 10
639 13982 4123 840 9
640 13982 4129 840 8
641 13982 4132 840 6
642 13982 4136 840 3
643 13982 4143 840 3
644 13982 4144 840 3
645 13982 4149 840 1
646 13982 4153 840 0
647 13982 4154 840 0
648 13982 4155 840 0
649 13982 4159 860 17
650 13982 4164 860 16
651 13982 4166 860 15
652 13982 4172 860 13
653 13982 4175 860 13
654 13982 4177 860 12
655 13982 4183 860 10
656 13982 4184 860 10
657 13982 4186 860 10
658 13982 4192 860 7
659 13982 4194 860 7
660 13982 4196 860 7
661 13982 4199 860 5
662 13982 4203 860 4
663 13982 4207 860 1
664 13982 4214 880 19
665 13982 4217 880 18
666 13982 4221 880 15
667 13982 4228 880 12
668 13982 4232 880 11
669 13982 4237 880 10
670 13982 4239 880 10
671 13982 4244 880 6
672 13982 4252 880 5
673 13982 4253 880 5
674 13982 4261 880 2
675 13982 4266 880 1
676 13982 4268 880 0
677 13982 4274 880 0
678 13982 4275 880 0
679 13982 4281 900 15
680 13982 4288 900 13
681 13982 4292 900 12
682 13982 4299 900 10
683 13982 4304 900 8
684 13982 4310 900 5
685 13982 4315 900 4
686 13982 4322 900 1
687 13982 4327 900 1
688 13982 4330 900 0
689 13982 4333 900 0
690 13982 4335 900 0
691 13982 4337 900 0
692 13982 4337 900 0
693 13982 4337 900 0
694 13982 4343 920 14
695 13982 4351 920 12
696 13982 4353 920 12
697 13982 4360 920 10
698 13982 4363 920 9
699 13982 4366 920 6
700 13982 4375 920 3
701 13982 4378 920 3
702 13982 4383 920 2
703 13982 4388 920 1
704 13982 4389 920 0
705 13982 4393 920 0
706 13982 4396 920 0
707 13982 4397 920 0
708 13982 4398 920 0
709 13982 4403 940 15
710 13982 4410 940 13
711 13982 4414 940 11
712 13982 4420 940 9
713 13982 4424 940 8
714 13982 4429 940 5
715 13982 4437 940 3
716 13982 4441 940 2
717 13982 4446 940 1
718 13982 4450 940 0
719 13982 4452 940 0
720 13982 4453 940 0
721 13982 4456 940 0
722 13982 4456 940 0
723 13982 4456 940 0
724 13982 4462 960 14
725 13982 4469 960 12
726 13982 4472 960 12
727 13982 4477 960 12
728 13982 4479 960 12
729 13982 4481 960 10
730 13982 4488 960 8
731 13982 4494 960 4
732 13982 4501 960 3
733 13982 4504 960 3
734 13982 4507 960 1
735 13982 4512 960 0
736 13982 4514 960 0
737 13982 4516 960 0
738 13982 4517 960 0
739 13982 4521 980 16
740 13982 4530 980 11
741 13982 4536 980 10
742 13982 4541 980 9
743 13982 4546 980 7
744 13982 4550 980 5
745 13982 4556 980 3
746 13982 4563 980 1
747 13982 4568 980 0
748 13982 4572 980 0
749 13982 4573 980 0
750 13982 4576 980 0
751 13982 4576 980 0
752 13982 4576 980 0
753 13982 4576 980 0
754 13982 4582 1000 14
755 13982 4590 1000 12
756 13982 4592 1000 12
757 13982 4598 1000 12
758 13982 4600 1000 11
759 13982 4604 1000 8
760 13982 4612 1000 6
761 13982 4616 1000 4
762 13982 4621 1000 4
763 13982 4624 1000 3
764 13982 4627 1000 1
765 13982 4632 1000 0
766 13982 4635 1000 0
767 13982 4636 1000 0
768 13982 4638 1000 0
769 13982 4641 1020 17
770 13982 4648 1020 13
771 13982 4655 1020 11
772 13982 4660 1020 9
773 13982 4665 1020 8
774 13982 4666 1020 7
775 13982 4673 1020 4
776 13982 4677 1020 3
777 13982 4682 1020 1
778 13982 4688 1020 0
779 13982 4691 1020 0
780 13982 4694 1020 0
781 13982 4695 1020 0
782 13982 4696 1020 0
783 13982 4696 1020 0
784 13982 4699 1040 17
785 13982 4706 1040 13
786 13982 4711 1040 12
787 13982 4715 1040 12
788 13982 4719 1040 11
789 13982 4720 1040 10
790 13982 4726 1040 7
791 13982 4735 1040 3
792 13982 4740 1040 3
793 13982 4745 1040 2
794 13982 4748 1040 0
795 13982 4751 1040 0
796 13982 4755 1040 0
797 13982 4757 1040 0
798 13982 4757 1040 0
799 13982 4764 1060 14
800 13982 4771 1060 12
801 13982 4774 1060 12
802 13982 4779 1060 11
803 13982 4782 1060 10
804 13982 4786 1060 7
805 13982 4793 1060 4
806 13982 4797 1060 3
807 13982 4802 1060 2
808 13982 4806 1060 1
809 13982 4809 1060 0
810 13982 4814 1060 0
811 13982 4816 1060 0
812 13982 4817 1060 0
813 13982 4817 1060 0
814 13982 4821 1080 16
815 13982 4827 1080 15
816 13982 4830 1080 13
817 13982 4837 1080 10
818 13982 4840 1080 10
819 13982 4841 1080 9
820 13982 4847 1080 8
821 13982 4851 1080 6
822 13982 4856 1080 4
823 13982 4861 1080 2
824 13982 4865 1080 1
825 13982 4869 1080 0
826 13982 4872 1080 0
827 13982 4873 1080 0
828 13982 4875 1080 0
829 13982 4878 1100 17
830 13982 4883 1100 15
831 13982 4887 1100 14
832 13982 4891 1100 14
833 13982 4893 1100 14
834 13982 4896 1100 12
835 13982 4901 1100 9
836 13982 4906 1100 7
837 13982 4910 1100 7
838 13982 4913 1100 7
839 13982 4916 1100 5
840 13982 4918 1100 5
841 13982 4921 1100 5
842 13982 4927 1100 2
843 13982 4930 1100 1
844 13982 4933 1120 21
845 13982 4936 1120 19
846 13982 4941 1120 17
847 13982 4943 1120 17
848 13982 4946 1120 16
849 13982 4949 1120 16
850 13982 4951 1120 14
851 13982 4956 1120 12
852 13982 4958 1120 12
853 13982 4961 1120 11
854 13982 4965 1120 10
855 13982 4968 1120 8
856 13982 4972 1120 7
857 13982 4975 1120 6
858 13982 4977 1120 6
859 13982 4979 1140 26
860 13982 4985 1140 21
861 13982 4993 1140 20
862 13982 4997 1140 19
863 13982 5002 1140 15
864 13982 5007 1140 13
865 13982 5013 1140 10
866 13982 5018 1140 10
867 13982 5020 1140 10
868 13982 5024 1140 7
869 13982 5030 1140 5
870 13982 5036 1140 3
871 13982 5042 1140 2
872 13982 5046 1140 1
873 13982 5049 1140 0
874 13982 5053 1160 18
875 13982 5059 1160 16
876 13982 5066 1160 12
877 13982 5073 1160 11
878 13982 5076 1160 11
879 13982 5081 1160 10
880 13982 5087 1160 8
881 13982 5092 1160 6
882 13982 5096 1160 6
883 13982 5098 1160 5
884 13982 5102 1160 4
885 13982 5107 1160 1
886 13982 5111 1160 0
887 13982 5116 1160 0
888 13982 5116 1160 0
889 13982 5123 1180 14
890 13982 5132 1180 11
891 13982 5133 1180 11
892 13982 5140 1180 10
893 13982 5142 1180 9
894 13982 5146 1180 7
895 13982 5153 1180 5
896 13982 5159 1180 2
897 13982 5165 1180 0
898 13982 5169 1180 0
899 13982 5171 1180 0
900 13982 5174 1180 0
901 13982 5174 1180 0
902 13982 5174 1180 0
903 13982 5174 1180 0
904 13982 5178 1200 16
905 13982 5187 1200 11
906 13982 5193 1200 10
907 13982 5198 1200 10
908 13982 5202 1200 10
909 13982 5203 1200 9
910 13982 5210 1200 7
911 13982 5215 1200 4
912 13982 5222 1200 1
913 13982 5228 1200 0
914 13982 5231 1200 0
915 13982 5232 1200 0
916 13982 5235 1200 0
917 13982 5235 1200 0
918 13982 5236 1200 0
919 13982 5243 1220 13
920 13982 5249 1220 11
921 13982 5255 1220 10
922 13982 5259 1220 9
923 13982 5265 1220 8
924 13982 5268 1220 7
925 13982 5275 1220 3
926 13982 5282 1220 2
927 13982 5286 1220 0
928 13982 5292 1220 0
929 13982 5292 1220 0
930 13982 5294 1220 0
931 13982 5295 1220 0
932 13982 5295 1220 0
933 13982 5295 1220 0
934 13982 5302 1240 13
935 13982 5311 1240 11
936 13982 5313 1240 11
937 13982 5320 1240 11
938 13982 5322 1240 10
939 13982 5325 1240 8
940 13982 5333 1240 7
941 13982 5339 1240 3
942 13982 5343 1240 3
943 13982 5346 1240 2
944 13982 5350 1240 0
945 13982 5354 1240 0
946 13982 5355 1240 0
947 13982 5357 1240 0
948 13982 5357 1240 0
949 13982 5362 1260 15
950 13982 5370 1260 13
951 13982 5372 1260 13
952 13982 5378 1260 11
953 13982 5380 1260 11
954 13982 5383 1260 10
955 13982 5388 1260 8
956 13982 5397 1260 7
957 13982 5402 1260 5
958 13982 5409 1260 4
959 13982 5413 1260 4
960 13982 5416 1260 3
961 13982 5422 1260 2
962 13982 5425 1260 1
963 13982 5429 1260 0
964 13982 5432 1280 20
965 13982 5436 1280 19
966 13982 5441 1280 18
967 13982 5444 1280 18
968 13982 5446 1280 18
969 13982 5450 1280 17
970 13982 5453 1280 17
971 13982 5454 1280 16
972 13982 5458 1280 16
973 13982 5459 1280 16
974 13982 5460 1280 16
975 13982 5461 1280 16
976 13982 5469 1280 16
977 13982 5469 1280 16
978 13982 5476 1280 16
979 13982 5483 1300 36
980 13982 5489 1300 36
981 13982 5494 1300 36
982 13982 5502 1300 36
983 13982 5505 1300 36
984 13982 5511 1300 36
985 13982 5513 1300 36
986 13982 5524 1300 36
987 13982 5525 1300 36
988 13982 5531 1300 36
989 13982 5533 1300 36
990 13982 5540 1300 36
991 13982 5543 1300 36
992 13982 5554 1300 36
993 13982 5558 1300 36
994 13982 5565 1320 56
995 13982 5571 1320 56
996 13982 5577 1320 56
997 13982 5584 1320 56
998 13982 5588 1320 56
999 13982 5593 1320 56
1000 13982 5595 1320 56
1001 13982 5605 1320 56
1002 13982 5610 1320 56
1003 13982 5617 1320 56
1004 13982 5622 1320 56
1005 13982 5628 1320 56
1006 13982 5633 1320 56
1007 13982 5637 1320 56
1008 13982 5640 1320 56
1009 13982 5644 1340 76
1010 13982 5646 1340 76
1011 13982 5650 1340 76
1012 13982 5653 1340 76
1013 13982 5656 1340 76
1014 13982 5659 1340 76
1015 13982 5660 1340 76
1016 13982 5663 1340 76
1017 13982 5664 1340 76
1018 13982 5667 1340 76
1019 13982 5668 1340 76
1020 13982 5670 1340 76
1021 13982 5673 1340 76
1022 13982 5674 1340 76
1023 13982 5683 1340 76
1024 13982 5685 1360 96
1025 13982 5686 1360 96
1026 13982 5695 1360 96
1027 13982 5697 1360 96
1028 13982 5704 1360 96
1029 13982 5704 1360 96
1030 13982 5713 1360 96
1031 13982 5713 1360 96
1032 13982 5721 1360 96
1033 13982 5722 1360 96
1034 13982 5725 1360 96
1035 13982 5729 1360 96
1036 13982 5731 1360 96
1037 13982 5733 1360 96
1038 13982 5737 1360 96
1039 13982 5739 1380 116
1040 13982 5747 1380 116
1041 13982 5748 1380 116
1042 13982 5753 1380 116
1043 13982 5757 1380 116
1044 13982 5763 1380 116
1045 13982 5767 1380 116
1046 13982 5770 1380 116
1047 13982 5779 1380 116
1048 13982 5781 1380 116
1049 13982 5786 1380 116
1050 13982 5792 1380 116
1051 13982 5793 1380 116
1052 13982 5802 1380 116
1053 13982 5802 1380 116
1054 13982 5808 1400 136
1055 13982 5812 1400 136
1056 13982 5819 1400 136
1057 13982 5823 1400 136
1058 13982 5827 1400 136
1059 13982 5831 1400 136
1060 13982 5832 1400 136
1061 13982 5842 1400 136
1062 13982 5851 1400 136
1063 13982 5851 1400 136
1064 13982 5857 1400 136
1065 13982 5865 1400 136
1066 13982 5871 1400 136
1067 13982 5875 1400 136
1068 13982 5882 1400 136
1069 13982 5888 1420 156
1070 13982 5896 1420 156
1071 13982 5906 1420 156
1072 13982 5908 1420 156
1073 13982 5914 1420 156
1074 13982 5919 1420 156
1075 13982 5921 1420 156
1076 13982 5926 1420 156
1077 13982 5931 1420 156
1078 13982 5936 1420 156
1079 13982 5939 1420 156
1080 13982 5944 1420 156
1081 13982 5947 1420 156
1082 13982 5951 1420 156
1083 13982 5956 1420 156
1084 13982 5960 1440 176
1085 13982 5963 1440 176
1086 13982 5964 1440 176
1087 13982 5968 1440 176
1088 13982 5970 1440 176
1089 13982 5973 1440 176
1090 13982 5974 1440 176
1091 13982 5978 1440 176
1092 13982 5979 1440 176
1093 13982 5982 1440 176
1094 13982 5983 1440 176
1095 13982 5996 1440 176
1096 13982 5997 1440 176
1097 13982 5998 1440 176
1098 13982 6011 1440 176
1099 13982 6012 1460 196
1100 13982 6018 1460 196
1101 13982 6020 1460 196
1102 13982 6031 1460 196
1103 13982 6032 1460 196
1104 13982 6045 1460 196
1105 13982 6046 1460 196
1106 13982 6056 1460 196
1107 13982 6059 1460 196
1108 13982 6063 1460 196
1109 13982 6066 1460 196
1110 13982 6069 1460 196
1111 13982 6073 1460 196
1112 13982 6076 1460 196
1113 13982 6077 1460 196
1114 13982 6084 1480 216
1115 13982 6086 1480 216
1116 13982 6093 1480 216
1117 13982 6094 1480 216
1118 13982 6100 1480 216
1119 13982 6108 1480 216
1120 13982 6111 1480 216
1121 13982 6115 1480 216
1122 13982 6123 1480 216
1123 13982 6124 1480 216
1124 13982 6134 1480 216
1125 13982 6135 1480 216
1126 13982 6147 1480 216
1127 13982 6148 1480 216
1128 13982 6160 1480 216
1129 13982 6161 1500 236
1130 13982 6167 1500 236
1131 13982 6174 1500 236
1132 13982 6175 1500 236
1133 13982 6180 1500 236
1134 13982 6187 1500 236
1135 13982 6187 1500 236
1136 13982 6194 1500 236
1137 13982 6196 1500 236
1138 13982 6205 1500 236
1139 13982 6206 1500 236
1140 13982 6216 1500 236
1141 13982 6218 1500 236
1142 13982 6226 1500 236
1143 13982 6235 1500 236
1144 13982 6244 1520 256
1145 13982 6249 1520 256
1146 13982 6251 1520 256
1147 13982 6256 1520 256
1148 13982 6261 1520 256
1149 13982 6270 1520 256
1150 13982 6274 1520 256
1151 13982 6278 1520 256
1152 13982 6283 1520 256
1153 13982 6283 1520 256
1154 13982 6290 1520 256
1155 13982 6292 1520 256
1156 13982 6296 1520 256
1157 13982 6297 1520 256
1158 13982 6299 1520 256
1159 13982 6300 1540 276
1160 13982 6301 1540 276
1161 13982 6303 1540 276
1162 13982 6304 1540 276
1163 13982 6305 1540 276
1164 13982 6306 1540 276
1165 13982 6307 1540 276
1166 13982 6308 1540 276
1167 13982 6334 1540 276
1168 13982 6359 1540 276
1169 13982 6359 1540 276
1170 13982 6360 1540 276
1171 13982 6372 1540 276
1172 13982 6374 1540 276
1173 13982 6391 1540 276
1174 13982 6398 1560 296
1175 13982 6407 1560 296
1176 13982 6411 1560 296
1177 13982 6414 1560 296
1178 13982 6422 1560 296
1179 13982 6438 1560 296
1180 13982 6458 1560 296
1181 13982 6473 1560 296
1182 13982 6483 1560 296
1183 13982 6490 1560 296
1184 13982 6490 1560 296
1185 13982 6506 1560 296
1186 13982 6507 1560 296
1187 13982 6519 1560 296
1188 13982 6524 1560 296
1189 13982 6536 1580 316
1190 13982 6544 1580 316
1191 13982 6552 1580 316
1192 13982 6556 1580 316
1193 13982 6564 1580 316
1194 13982 6569 1580 316
1195 13982 6572 1580 316
1196 13982 6579 1580 314
1197 13982 6584 1580 313
1198 13982 6590 1580 311
1199 13982 6596 1580 309
1200 13982 6600 1580 307
1201 13982 6606 1580 304
1202 13982 6613 1580 302
1203 13982 6617 1580 300
1204 13982 6623 1600 319
1205 13982 6624 1600 319
1206 13982 6630 1600 316
1207 13982 6634 1600 315
1208 13982 6639 1600 313
1209 13982 6644 1600 312
1210 13982 6648 1600 310
1211 13982 6655 1600 307
1212 13982 6661 1600 305
1213 13982 6667 1600 304
1214 13982 6672 1600 303
1215 13982 6678 1600 299
1216 13982 6683 1600 298
1217 13982 6687 1600 298
1218 13982 6694 1600 296
1219 13982 6698 1620 316
1220 13982 6700 1620 315
1221 13982 6706 1620 313
1222 13982 6711 1620 312
1223 13982 6714 1620 310
1224 13982 6718 1620 309
1225 13982 6721 1620 308
1226 13982 6725 1620 305
1227 13982 6730 1620 304
1228 13982 6732 1620 304
1229 13982 6734 1620 303
1230 13982 6739 1620 301
1231 13982 6742 1620 300
1232 13982 6747 1620 296
1233 13982 6754 1620 295
1234 13982 6754 1640 315
1235 13982 6760 1640 313
1236 13982 6764 1640 313
1237 13982 6765 1640 312
1238 13982 6772 1640 310
1239 13982 6777 1640 307
1240 13982 6783 1640 305
1241 13982 6788 1640 304
1242 13982 6792 1640 302
1243 13982 6797 1640 301
1244 13982 6801 1640 300
1245 13982 6805 1640 299
1246 13982 6809 1640 297
1247 13982 6814 1640 295
1248 13982 6817 1640 295
1249 13982 6820 1660 315
1250 13982 6822 1660 315
1251 13982 6825 1660 313
1252 13982 6830 1660 312
1253 13982 6831 1660 312
1254 13982 6836 1660 309
1255 13982 6840 1660 309
1256 13982 6840 1660 309
1257 13982 6844 1660 308
1258 13982 6847 1660 307
1259 13982 6851 1660 305
1260 13982 6855 1660 304
1261 13982 6857 1660 303
1262 13982 6862 1660 301
1263 13982 6865 1660 300
1264 13982 6867 1680 319
1265 13982 6872 1680 318
1266 13982 6873 1680 318
1267 13982 6877 1680 315
1268 13982 6882 1680 314
1269 13982 6882 1680 314
1270 13982 6887 1680 313
1271 13982 6894 1680 308
1272 13982 6898 1680 306
1273 13982 6905 1680 306
1274 13982 6908 1680 303
1275 13982 6916 1680 299
1276 13982 6922 1680 299
1277 13982 6924 1680 299
1278 13982 6931 1680 298
1279 13982 6934 1700 316
1280 13982 6941 1700 311
1281 13982 6948 1700 310
1282 13982 6951 1700 309
1283 13982 6958 1700 307
1284 13982 6962 1700 306
1285 13982 6968 1700 302
1286 13982 6976 1700 301
1287 13982 6980 1700 299
1288 13982 6988 1700 297
1289 13982 6991 1700 297
1290 13982 6995 1700 295
1291 13982 7002 1700 294
1292 13982 7005 1700 293
1293 13982 7009 1700 291
1294 13982 7013 1720 311
1295 13982 7014 1720 310
1296 13982 7019 1720 309
1297 13982 7021 1720 309
1298 13982 7027 1720 304
1299 13982 7036 1720 302
1300 13982 7039 1720 301
1301 13982 7045 1720 298
1302 13982 7053 1720 294
1303 13982 7057 1720 293
1304 13982 7064 1720 292
1305 13982 7067 1720 291
1306 13982 7072 1720 289
1307 13982 7076 1720 288
1308 13982 7082 1720 285
1309 13982 7090 1740 303
1310 13982 7093 1740 302
1311 13982 7098 1740 299
1312 13982 7104 1740 297
1313 13982 7108 1740 297
1314 13982 7114 1740 296
1315 13982 7118 1740 295
1316 13982 7120 1740 294
1317 13982 7127 1740 291
1318 13982 7133 1740 290
1319 13982 7136 1740 289
1320 13982 7140 1740 289
1321 13982 7141 1740 289
1322 13982 7145 1740 287
1323 13982 7152 1740 282
1324 13982 7160 1760 300
1325 13982 7163 1760 299
1326 13982 7169 1760 296
1327 13982 7173 1760 295
1328 13982 7176 1760 293
1329 13982 7185 1760 291
1330 13982 7188 1760 291
1331 13982 7194 1760 287
1332 13982 7201 1760 286
1333 13982 7202 1760 285
1334 13982 7209 1760 284
1335 13982 7213 1760 282
1336 13982 7220 1760 277
1337 13982 7228 1760 277
1338 13982 7230 1760 276
1339 13982 7238 1780 294
1340 13982 7240 1780 294
1341 13982 7245 1780 292
1342 13982 7252 1780 291
1343 13982 7254 1780 291
1344 13982 7258 1780 290
1345 13982 7261 1780 288
1346 13982 7266 1780 285
1347 13982 7272 1780 284
1348 13982 7275 1780 284
1349 13982 7279 1780 281
1350 13982 7285 1780 278
1351 13982 7289 1780 278
1352 13982 7292 1780 277
1353 13982 7299 1780 276
1354 13982 7303 1800 294
1355 13982 7307 1800 293
1356 13982 7312 1800 291
1357 13982 7316 1800 290
1358 13982 7320 1800 289
1359 13982 7325 1800 289
1360 13982 7327 1800 289
1361 13982 7332 1800 288
1362 13982 7337 1800 286
1363 13982 7344 1800 284
1364 13982 7349 1800 283
1365 13982 7353 1800 283
1366 13982 7357 1800 283
1367 13982 7361 1800 282
1368 13982 7366 1800 281
1369 13982 7375 1820 300
1370 13982 7377 1820 300
1371 13982 7379 1820 300
1372 13982 7385 1820 300
1373 13982 7386 1820 300
1374 13982 7392 1820 300
1375 13982 7403 1820 300
1376 13982 7406 1820 300
1377 13982 7411 1820 300
1378 13982 7419 1820 300
1379 13982 7421 1820 300
1380 13982 7430 1820 300
1381 13982 7433 1820 300
1382 13982 7441 1820 300
1383 13982 7448 1820 300
1384 13982 7455 1840 320
1385 13982 7458 1840 320
1386 13982 7464 1840 320
1387 13982 7468 1840 320
1388 13982 7475 1840 320
1389 13982 7478 1840 320
1390 13982 7485 1840 320
1391 13982 7485 1840 320
1392 13982 7491 1840 320
1393 13982 7506 1840 320
1394 13982 7509 1840 320
1395 13982 7512 1840 320
1396 13982 7521 1840 320
1397 13982 7523 1840 320
1398 13982 7537 1840 320
1399 13982 7537 1860 340
1400 13982 7545 1860 340
1401 13982 7550 1860 340
1402 13982 7555 1860 340
1403 13982 7562 1860 340
1404 13982 7569 1860 340
1405 13982 7569 1860 340
1406 13982 7580 1860 340
1407 13982 7586 1860 340
1408 13982 7593 1860 340
1409 13982 7597 1860 340
1410 13982 7602 1860 340
1411 13982 7604 1860 340
1412 13982 7613 1860 340
1413 13982 7616 1860 340
1414 13982 7624 1880 360
1415 13982 7630 1880 360
1416 13982 7636 1880 360
1417 13982 7639 1880 360
1418 13982 7646 1880 360
1419 13982 7652 1880 360
1420 13982 7660 1880 360
1421 13982 7664 1880 360
1422 13982 7672 1880 360
1423 13982 7676 1880 360
1424 13982 7683 1880 360
1425 13982 7685 1880 360
1426 13982 7692 1880 360
1427 13982 7694 1880 360
1428 13982 7699 1880 360
1429 13982 7716 1900 380
1430 13982 7721 1900 380
1431 13982 7731 1900 380
1432 13982 7735 1900 380
1433 13982 7744 1900 380
1434 13982 7746 1900 380
1435 13982 7758 1900 380
1436 13982 7759 1900 380
1437 13982 7767 1900 380
1438 13982 7769 1900 380
1439 13982 7778 1900 380
1440 13982 7778 1900 380
1441 13982 7787 1900 380
1442 13982 7787 1900 380
1443 13982 7790 1900 380
1444 13982 7792 1920 400
1445 13982 7793 1920 400
1446 13982 7796 1920 400
1447 13982 7804 1920 400
1448 13982 7805 1920 400
1449 13982 7815 1920 400
1450 13982 7816 1920 400
1451 13982 7825 1920 400
1452 13982 7827 1920 400
1453 13982 7837 1920 400
1454 13982 7839 1920 400
1455 13982 7844 1920 400
1456 13982 7845 1920 400
1457 13982 7853 1920 400
1458 13982 7853 1920 400
1459 13982 7863 1940 420
1460 13982 7863 1940 420
1461 13982 7874 1940 420
1462 13982 7875 1940 420
1463 13982 7884 1940 420
1464 13982 7884 1940 420
1465 13982 7892 1940 420
1466 13982 7894 1940 420
1467 13982 7907 1940 420
1468 13982 7907 1940 420
1469 13982 7916 1940 420
1470 13982 7917 1940 420
1471 13982 7927 1940 420
1472 13982 7929 1940 420
1473 13982 7939 1940 420
1474 13982 7946 1960 440
1475 13982 7957 1960 440
1476 13982 7958 1960 440
1477 13982 7963 1960 440
1478 13982 7967 1960 440
1479 13982 7973 1960 440
1480 13982 7986 1960 440
1481 13982 8002 1960 440
1482 13982 8007 1960 440
1483 13982 8009 1960 440
1484 13982 8017 1960 440
1485 13982 8017 1960 440
1486 13982 8027 1960 440
1487 13982 8027 1960 440
1488 13982 8030 1960 440
1489 13982 8034 1980 460
1490 13982 8035 1980 460
1491 13982 8039 1980 460
1492 13982 8040 1980 460
1493 13982 8041 1980 460
1494 13982 8043 1980 460
1495 13982 8044 1980 460
1496 13982 8045 1980 460
1497 13982 8046 1980 460
1498 13982 8047 1980 460
1499 13982 8049 1980 460
1500 13982 8050 1980 460
1501 13982 8051 1980 460
1502 13982 8052 1980 460
1503 13982 8052 1980 460
1504 13982 8054 2000 480
1505 13982 8079 2000 480
1506 13982 8105 2000 480
1507 13982 8106 2000 480
1508 13982 8107 2000 480
1509 13982 8118 2000 480
1510 13982 8118 2000 480
1511 13982 8137 2000 480
1512 13982 8145 2000 480
1513 13982 8165 2000 480
1514 13982 8167 2000 480
1515 13982 8177 2000 480
1516 13982 8182 2000 480
1517 13982 8185 2000 480
1518 13982 8210 2000 480
1519 13982 8228 2020 500
1520 13982 8237 2020 500
1521 13982 8245 2020 500
1522 13982 8256 2020 500
1523 13982 8258 2020 500
1524 13982 8270 2020 500
1525 13982 8276 2020 500
1526 13982 8293 2020 500
1527 13982 8305 2020 500
1528 13982 8312 2020 500
1529 13982 8323 2020 500
1530 13982 8338 2020 500
1531 13982 8345 2020 500
1532 13982 8355 2020 500
1533 13982 8368 2020 500
1534 13982 8375 2040 520
1535 13982 8392 2040 520
1536 13982 8396 2040 520
1537 13982 8412 2040 520
1538 13982 8420 2040 520
1539 13982 8435 2040 520
1540 13982 8448 2040 520
1541 13982 8453 2040 520
1542 13982 8472 2040 520
1543 13982 8475 2040 520
1544 13982 8492 2040 520
1545 13982 8494 2040 520
1546 13982 8504 2040 520
1547 13982 8509 2040 520
1548 13982 8516 2040 519
1549 13982 8518 2060 539
1550 13982 8526 2060 537
1551 13982 8531 2060 535
1552 13982 8540 2060 532
1553 13982 8545 2060 530
1554 13982 8548 2060 530
1555 13982 8552 2060 527
1556 13982 8558 2060 525
1557 13982 8563 2060 524
1558 13982 8566 2060 523
1559 13982 8571 2060 522
1560 13982 8575 2060 520
1561 13982 8580 2060 518
1562 13982 8586 2060 516
1563 13982 8590 2060 515
1564 13982 8596 2080 533
1565 13982 8600 2080 532
1566 13982 8605 2080 529
1567 13982 8613 2080 528
1568 13982 8615 2080 528
1569 13982 8622 2080 524
1570 13982 8626 2080 524
1571 13982 8627 2080 524
1572 13982 8635 2080 522
1573 13982 8639 2080 520
1574 13982 8643 2080 519
1575 13982 8647 2080 518
1576 13982 8651 2080 516
1577 13982 8658 2080 512
1578 13982 8664 2080 512
1579 13982 8665 2100 532
1580 13982 8670 2100 530
1581 13982 8672 2100 529
1582 13982 8678 2100 525
1583 13982 8684 2100 524
1584 13982 8687 2100 524
1585 13982 8692 2100 522
1586 13982 8696 2100 520
1587 13982 8701 2100 518
1588 13982 8706 2100 518
1589 13982 8709 2100 517
1590 13982 8712 2100 517
1591 13982 8714 2100 516
1592 13982 8719 2100 514
1593 13982 8724 2100 512
1594 13982 8730 2120 529
1595 13982 8734 2120 529
1596 13982 8736 2120 527
1597 13982 8742 2120 525
1598 13982 8747 2120 524
1599 13982 8750 2120 524
1600 13982 8754 2120 523
1601 13982 8758 2120 520
1602 13982 8763 2120 518
1603 13982 8768 2120 516
1604 13982 8773 2120 516
1605 13982 8775 2120 515
1606 13982 8780 2120 512
1607 13982 8785 2120 511
1608 13982 8788 2120 510
1609 13982 8793 2140 529
1610 13982 8796 2140 528
1611 13982 8799 2140 527
1612 13982 8803 2140 527
1613 13982 8806 2140 526
1614 13982 8809 2140 525
1615 13982 8811 2140 524
1616 13982 8814 2140 523
1617 13982 8817 2140 523
1618 13982 8818 2140 523
1619 13982 8820 2140 522
1620 13982 8821 2140 522
1621 13982 8822 2140 522
1622 13982 8827 2140 518
1623 13982 8833 2140 515
1624 13982 8836 2160 535
1625 13982 8840 2160 532
1626 13982 8847 2160 529
1627 13982 8852 2160 527
1628 13982 8857 2160 527
1629 13982 8859 2160 527
1630 13982 8862 2160 525
1631 13982 8870 2160 520
1632 13982 8875 2160 519
1633 13982 8881 2160 517
1634 13982 8886 2160 517
1635 13982 8889 2160 515
1636 13982 8896 2160 512
1637 13982 8899 2160 512
1638 13982 8905 2160 509
1639 13982 8912 2180 528
1640 13982 8913 2180 528
1641 13982 8921 2180 526
1642 13982 8925 2180 525
1643 13982 8930 2180 522
1644 13982 8935 2180 522
1645 13982 8938 2180 521
1646 13982 8945 2180 517
1647 13982 8950 2180 516
1648 13982 8952 2180 515
1649 13982 8959 2180 513
1650 13982 8964 2180 511
1651 13982 8970 2180 507
1652 13982 8977 2180 506
1653 13982 8979 2180 505
1654 13982 8987 2200 522
1655 13982 8992 2200 522
1656 13982 8995 2200 520
1657 13982 9000 2200 518
1658 13982 9006 2200 516
1659 13982 9012 2200 514
1660 13982 9016 2200 513
1661 13982 9019 2200 513
1662 13982 9025 2200 511
1663 13982 9030 2200 509
1664 13982 9034 2200 508
1665 13982 9040 2200 505
1666 13982 9045 2200 505
1667 13982 9047 2200 504
1668 13982 9054 2200 500
1669 13982 9061 2220 519
1670 13982 9064 2220 518
1671 13982 9069 2220 516
1672 13982 9074 2220 514
1673 13982 9078 2220 513
1674 13982 9084 2220 511
1675 13982 9088 2220 510
1676 13982 9092 2220 508
1677 13982 9098 2220 505
1678 13982 9103 2220 503
1679 13982 9109 2220 502
1680 13982 9114 2220 500
1681 13982 9119 2220 498
1682 13982 9126 2220 496
1683 13982 9131 2220 495
1684 13982 9135 2240 514
1685 13982 9140 2240 513
1686 13982 9143 2240 512
1687 13982 9150 2240 509
1688 13982 9157 2240 507
1689 13982 9161 2240 506
1690 13982 9165 2240 503
1691 13982 9172 2240 500
1692 13982 9178 2240 498
1693 13982 9184 2240 496
1694 13982 9188 2240 496
1695 13982 9191 2240 495
1696 13982 9198 2240 493
1697 13982 9203 2240 491
1698 13982 9208 2240 490
1699 13982 9212 2260 509
1700 13982 9216 2260 506
1701 13982 9223 2260 505
1702 13982 9225 2260 504
1703 13982 9232 2260 501
1704 13982 9237 2260 500
1705 13982 9241 2260 498
1706 13982 9247 2260 498
1707 13982 9249 2260 497
1708 13982 9253 2260 496
1709 13982 9258 2260 495
1710 13982 9263 2260 491
1711 13982 9270 2260 490
1712 13982 9273 2260 488
1713 13982 9279 2260 484
1714 13982 9286 2280 502
1715 13982 9290 2280 502
1716 13982 9295 2280 501
1717 13982 9300 2280 499
1718 13982 9305 2280 496
1719 13982 9312 2280 493
1720 13982 9318 2280 493
1721 13982 9320 2280 493
1722 13982 9323 2280 491
1723 13982 9328 2280 488
1724 13982 9334 2280 486
1725 13982 9340 2280 484
1726 13982 9346 2280 483
1727 13982 9350 2280 482
1728 13982 9352 2280 482
1729 13982 9357 2300 501
1730 13982 9365 2300 497
1731 13982 9369 2300 497
1732 13982 9373 2300 496
1733 13982 9379 2300 492
1734 13982 9385 2300 490
1735 13982 9391 2300 488
1736 13982 9395 2300 487
1737 13982 9399 2300 486
1738 13982 9405 2300 484
1739 13982 9410 2300 482
1740 13982 9414 2300 481
1741 13982 9419 2300 479
1742 13982 9424 2300 477
1743 13982 9428 2300 475
1744 13982 9433 2320 494
1745 13982 9437 2320 494
1746 13982 9442 2320 492
1747 13982 9447 2320 490
1748 13982 9450 2320 489
1749 13982 9457 2320 487
1750 13982 9463 2320 486
1751 13982 9465 2320 485
1752 13982 9471 2320 482
1753 13982 9477 2320 480
1754 13982 9482 2320 478
1755 13982 9486 2320 477
1756 13982 9490 2320 475
1757 13982 9493 2320 475
1758 13982 9498 2320 472
1759 13982 9504 2340 491
1760 13982 9507 2340 490
1761 13982 9510 2340 488
1762 13982 9516 2340 488
1763 13982 9517 2340 488
1764 13982 9521 2340 485
1765 13982 9527 2340 484
1766 13982 9529 2340 483
1767 13982 9536 2340 481
1768 13982 9538 2340 481
1769 13982 9541 2340 479
1770 13982 9546 2340 479
1771 13982 9549 2340 477
1772 13982 9556 2340 474
1773 13982 9561 2340 474
1774 13982 9563 2360 492
1775 13982 9570 2360 489
1776 13982 9573 2360 489
1777 13982 9575 2360 489
1778 13982 9579 2360 489
1779 13982 9581 2360 487
1780 13982 9586 2360 484
1781 13982 9589 2360 484
1782 13982 9591 2360 484
1783 13982 9594 2360 484
1784 13982 9596 2360 482
1785 13982 9600 2360 480
1786 13982 9604 2360 479
1787 13982 9607 2360 479
1788 13982 9609 2360 479
1789 13982 9610 2380 498
1790 13982 9612 2380 498
1791 13982 9614 2380 498
1792 13982 9621 2380 492
1793 13982 9629 2380 490
1794 13982 9631 2380 490
1795 13982 9634 2380 487
1796 13982 9640 2380 484
1797 13982 9645 2380 483
1798 13982 9650 2380 481
1799 13982 9655 2380 481
1800 13982 9657 2380 479
1801 13982 9664 2380 476
1802 13982 9669 2380 475
1803 13982 9674 2380 473
1804 13982 9681 2400 492
1805 13982 9685 2400 489
1806 13982 9691 2400 486
1807 13982 9697 2400 486
1808 13982 9702 2400 485
1809 13982 9708 2400 482
1810 13982 9713 2400 481
1811 13982 9717 2400 480
1812 13982 9725 2400 478
1813 13982 9728 2400 478
1814 13982 9729 2400 478
1815 13982 9733 2400 477
1816 13982 9736 2400 476
1817 13982 9742 2400 472
1818 13982 9750 2400 468
1819 13982 9754 2420 488
1820 13982 9759 2420 485
1821 13982 9765 2420 482
1822 13982 9771 2420 480
1823 13982 9775 2420 480
1824 13982 9780 2420 480
1825 13982 9783 2420 478
1826 13982 9788 2420 475
1827 13982 9795 2420 473
1828 13982 9799 2420 473
1829 13982 9803 2420 472
1830 13982 9808 2420 469
1831 13982 9815 2420 466
1832 13982 9819 2420 465
1833 13982 9825 2420 463
1834 13982 9830 2440 481
1835 13982 9835 2440 480
1836 13982 9839 2440 480
1837 13982 9844 2440 479
1838 13982 9848 2440 478
1839 13982 9852 2440 476
1840 13982 9860 2440 472
1841 13982 9866 2440 472
1842 13982 9868 2440 471
1843 13982 9871 2440 469
1844 13982 9876 2440 466
1845 13982 9884 2440 462
1846 13982 9888 2440 462
1847 13982 9891 2440 461
1848 13982 9897 2440 458
1849 13982 9900 2460 477
1850 13982 9907 2460 475
1851 13982 9913 2460 474
1852 13982 9917 2460 473
1853 13982 9922 2460 472
1854 13982 9927 2460 469
1855 13982 9934 2460 466
1856 13982 9939 2460 466
1857 13982 9943 2460 465
1858 13982 9948 2460 463
1859 13982 9953 2460 461
1860 13982 9957 2460 461
1861 13982 9961 2460 461
1862 13982 9964 2460 459
1863 13982 9968 2460 457
1864 13982 9971 2480 476
1865 13982 9974 2480 475
1866 13982 9981 2480 472
1867 13982 9983 2480 472
1868 13982 9987 2480 470
1869 13982 9994 2480 467
1870 13982 9999 2480 467
1871 13982 10003 2480 466
1872 13982 10007 2480 466
1873 13982 10010 2480 464
1874 13982 10016 2480 461
1875 13982 10022 2480 460
1876 13982 10025 2480 460
1877 13982 10030 2480 459
1878 13982 10033 2480 457
1879 13982 10040 2500 475
1880 13982 10045 2500 475
1881 13982 10048 2500 474
1882 13982 10054 2500 473
1883 13982 10057 2500 471
1884 13982 10064 2500 470
1885 13982 10068 2500 470
1886 13982 10072 2500 469
1887 13982 10077 2500 468
1888 13982 10079 2500 468
1889 13982 10083 2500 468
1890 13982 10089 2500 468
1891 13982 10090 2500 468
1892 13982 10092 2500 468
1893 13982 10096 2500 468
1894 13982 10106 2520 488
1895 13982 10109 2520 488
1896 13982 10110 2520 488
1897 13982 10123 2520 488
1898 13982 10123 2520 488
1899 13982 10130 2520 488
1900 13982 10131 2520 488
1901 13982 10138 2520 488
1902 13982 10142 2520 488
1903 13982 10152 2520 488
1904 13982 10152 2520 488
1905 13982 10163 2520 488
1906 13982 10165 2520 488
1907 13982 10171 2520 488
1908 13982 10172 2520 488
1909 13982 10179 2540 508
1910 13982 10182 2540 508
1911 13982 10188 2540 508
1912 13982 10190 2540 508
1913 13982 10196 2540 508
1914 13982 10197 2540 508
1915 13982 10206 2540 508
1916 13982 10206 2540 508
1917 13982 10212 2540 508
1918 13982 10213 2540 508
1919 13982 10219 2540 508
1920 13982 10220 2540 508
1921 13982 10223 2540 508
1922 13982 10224 2540 508
1923 13982 10226 2540 508
1924 13982 10239 2560 528
1925 13982 10239 2560 528
1926 13982 10240 2560 528
1927 13982 10253 2560 528
1928 13982 10253 2560 528
1929 13982 10262 2560 528
1930 13982 10263 2560 528
1931 13982 10274 2560 528
1932 13982 10275 2560 528
1933 13982 10288 2560 528
1934 13982 10289 2560 528
1935 13982 10295 2560 528
1936 13982 10301 2560 528
1937 13982 10303 2560 528
1938 13982 10305 2560 528
1939 13982 10310 2580 548
1940 13982 10311 2580 548
1941 13982 10316 2580 548
1942 13982 10317 2580 548
1943 13982 10324 2580 548
1944 13982 10325 2580 548
1945 13982 10332 2580 548
1946 13982 10344 2580 548
1947 13982 10347 2580 548
1948 13982 10350 2580 548
1949 13982 10361 2580 548
1950 13982 10363 2580 548
1951 13982 10372 2580 548
1952 13982 10373 2580 548
1953 13982 10385 2580 548
1954 13982 10386 2600 568
1955 13982 10398 2600 568
1956 13982 10400 2600 568
1957 13982 10407 2600 568
1958 13982 10410 2600 568
1959 13982 10414 2600 568
1960 13982 10418 2600 568
1961 13982 10421 2600 568
1962 13982 10423 2600 568
1963 13982 10429 2600 568
1964 13982 10429 2600 568
1965 13982 10437 2600 568
1966 13982 10437 2600 568
1967 13982 10444 2600 568
1968 13982 10452 2600 568
1969 13982 10458 2620 588
1970 13982 10458 2620 588
1971 13982 10470 2620 588
1972 13982 10474 2620 588
1973 13982 10480 2620 588
1974 13982 10482 2620 588
1975 13982 10494 2620 588
1976 13982 10494 2620 588
1977 13982 10508 2620 588
1978 13982 10509 2620 588
1979 13982 10517 2620 588
1980 13982 10520 2620 588
1981 13982 10526 2620 588
1982 13982 10530 2620 588
1983 13982 10536 2620 588
1984 13982 10539 2640 608
1985 13982 10543 2640 608
1986 13982 10544 2640 608
1987 13982 10550 2640 608
1988 13982 10550 2640 608
1989 13982 10558 2640 608
1990 13982 10564 2640 608
1991 13982 10570 2640 608
1992 13982 10571 2640 608
1993 13982 10580 2640 608
1994 13982 10583 2640 608
1995 13982 10593 2640 608
1996 13982 10593 2640 608
1997 13982 10603 2640 608
1998 13982 10606 2640 608
1999 13982 10616 2660 628
2000 13982 10617 2660 628
2001 13982 10624 2660 628
2002 13982 10628 2660 628
2003 13982 10633 2660 628
2004 13982 10635 2660 628
2005 13982 10640 2660 628
2006 13982 10641 2660 628
2007 13982 10647 2660 628
2008 13982 10647 2660 628
2009 13982 10652 2660 628
2010 13982 10653 2660 628
2011 13982 10658 2660 628
2012 13982 10659 2660 628
2013 13982 10662 2660 628
2014 13982 10664 2680 648
2015 13982 10665 2680 648
2016 13982 10679 2680 648
2017 13982 10680 2680 648
2018 13982 10696 2680 648
2019 13982 10698 2680 648
2020 13982 10705 2680 648
2021 13982 10705 2680 648
2022 13982 10716 2680 648
2023 13982 10716 2680 648
2024 13982 10729 2680 648
2025 13982 10732 2680 648
2026 13982 10744 2680 648
2027 13982 10744 2680 648
2028 13982 10749 2680 648
2029 13982 10751 2700 668
2030 13982 10757 2700 668
2031 13982 10768 2700 668
2032 13982 10775 2700 668
2033 13982 10775 2700 668
2034 13982 10784 2700 668
2035 13982 10787 2700 668
2036 13982 10798 2700 668
2037 13982 10800 2700 668
2038 13982 10809 2700 668
2039 13982 10812 2700 668
2040 13982 10818 2700 668
2041 13982 10822 2700 668
2042 13982 10827 2700 668
2043 13982 10828 2700 668
2044 13982 10836 2720 688
2045 13982 10839 2720 688
2046 13982 10846 2720 688
2047 13982 10849 2720 688
2048 13982 10852 2720 688
2049 13982 10859 2720 688
2050 13982 10863 2720 688
2051 13982 10863 2720 688
2052 13982 10870 2720 688
2053 13982 10882 2720 688
2054 13982 10888 2720 688
2055 13982 10888 2720 688
2056 13982 10897 2720 688
2057 13982 10900 2720 688
2058 13982 10913 2720 688
2059 13982 10919 2740 708
2060 13982 10926 2740 708
2061 13982 10927 2740 708
2062 13982 10934 2740 708
2063 13982 10941 2740 708
2064 13982 10952 2740 708
2065 13982 10953 2740 708
2066 13982 10959 2740 708
2067 13982 10964 2740 708
2068 13982 10973 2740 708
2069 13982 10975 2740 708
2070 13982 10985 2740 708
2071 13982 10987 2740 708
2072 13982 10993 2740 708
2073 13982 10994 2740 708
2074 13982 10998 2760 728
2075 13982 11011 2760 728
2076 13982 11015 2760 728
2077 13982 11019 2760 728
2078 13982 11028 2760 728
2079 13982 11030 2760 728
2080 13982 11045 2760 728
2081 13982 11046 2760 728
2082 13982 11056 2760 728
2083 13982 11069 2760 728
2084 13982 11082 2760 728
2085 13982 11085 2760 728
2086 13982 11089 2760 728
2087 13982 11095 2760 728
2088 13982 11104 2760 728
2089 13982 11112 2780 748
2090 13982 11119 2780 748
2091 13982 11124 2780 748
2092 13982 11126 2780 748
2093 13982 11128 2780 748
2094 13982 11130 2780 748
2095 13982 11131 2780 748
2096 13982 11135 2780 748
2097 13982 11136 2780 748
2098 13982 11151 2780 748
2099 13982 11177 2780 748
2100 13982 11188 2780 748
2101 13982 11189 2780 748
2102 13982 11199 2780 748
2103 13982 11203 2780 748
2104 13982 11217 2800 768
2105 13982 11224 2800 768
2106 13982 11236 2800 768
2107 13982 11239 2800 768
2108 13982 11244 2800 768
2109 13982 11250 2800 768
2110 13982 11268 2800 768
2111 13982 11285 2800 768
2112 13982 11287 2800 768
2113 13982 11299 2800 768
2114 13982 11314 2800 768
2115 13982 11314 2800 768
2116 13982 11330 2800 768
2117 13982 11336 2800 768
2118 13982 11344 2800 768
2119 13982 11364 2820 788
2120 13982 11377 2820 788
2121 13982 11386 2820 788
2122 13982 11397 2820 788
2123 13982 11413 2820 788
2124 13982 11413 2820 788
2125 13982 11426 2820 788
2126 13982 11431 2820 788
2127 13982 11436 2820 788
2128 13982 11462 2820 788
2129 13982 11481 2820 788
2130 13982 11487 2820 788
2131 13982 11493 2820 788
2132 13982 11509 2820 788
2133 13982 11509 2820 788
2134 13982 11525 2840 808
2135 13982 11529 2840 808
2136 13982 11542 2840 808
2137 13982 11557 2840 808
2138 13982 11575 2840 808
2139 13982 11584 2840 808
2140 13982 11590 2840 808
2141 13982 11602 2840 808
2142 13982 11611 2840 808
2143 13982 11635 2840 808
2144 13982 11637 2840 808
2145 13982 11646 2840 808
2146 13982 11664 2840 808
2147 13982 11677 2840 808
2148 13982 11688 2840 808
2149 13982 11692 2860 828
2150 13982 11702 2860 828
2151 13982 11707 2860 828
2152 13982 11724 2860 828
2153 13982 11737 2860 828
2154 13982 11748 2860 828
2155 13982 11752 2860 828
2156 13982 11760 2860 828
2157 13982 11772 2860 828
2158 13982 11793 2860 828
2159 13982 11798 2860 828
2160 13982 11805 2860 828
2161 13982 11817 2860 828
2162 13982 11826 2860 828
2163 13982 11838 2860 828
2164 13982 11840 2880 848
2165 13982 11851 2880 848
2166 13982 11853 2880 848
2167 13982 11860 2880 848
2168 13982 11862 2880 848
2169 13982 11863 2880 847
2170 13982 11868 2880 843
2171 13982 11876 2880 840
2172 13982 11879 2880 840
2173 13982 11883 2880 836
2174 13982 11891 2880 832
2175 13982 11896 2880 831
2176 13982 11900 2880 830
2177 13982 11905 2880 830
2178 13982 11908 2880 828
2179 13982 11915 2900 844
2180 13982 11921 2900 843
2181 13982 11925 2900 842
2182 13982 11931 2900 841
2183 13982 11935 2900 839
2184 13982 11942 2900 835
2185 13982 11948 2900 834
2186 13982 11952 2900 833
2187 13982 11959 2900 831
2188 13982 11962 2900 831
2189 13982 11965 2900 831
2190 13982 11971 2900 830
2191 13982 11972 2900 830
2192 13982 11973 2900 830
2193 13982 11979 2900 826
2194 13982 11984 2920 845
2195 13982 11986 2920 845
2196 13982 11990 2920 841
2197 13982 11997 2920 837
2198 13982 12002 2920 837
2199 13982 12005 2920 837
2200 13982 12010 2920 835
2201 13982 12015 2920 832
2202 13982 12020 2920 830
2203 13982 12026 2920 828
2204 13982 12031 2920 828
2205 13982 12034 2920 827
2206 13982 12040 2920 822
2207 13982 12046 2920 821
2208 13982 12049 2920 821
2209 13982 12055 2940 840
2210 13982 12059 2940 838
2211 13982 12063 2940 837
2212 13982 12068 2940 837
2213 13982 12074 2940 833
2214 13982 12081 2940 831
2215 13982 12084 2940 831
2216 13982 12089 2940 829
2217 13982 12095 2940 826
2218 13982 12099 2940 824
2219 13982 12104 2940 824
2220 13982 12106 2940 824
2221 13982 12111 2940 821
2222 13982 12116 2940 819
2223 13982 12119 2940 818
2224 13982 12124 2960 838
2225 13982 12125 2960 838
2226 13982 12130 2960 835
2227 13982 12134 2960 834
2228 13982 12137 2960 832
2229 13982 12143 2960 832
2230 13982 12144 2960 832
2231 13982 12147 2960 830
2232 13982 12150 2960 830
2233 13982 12151 2960 830
2234 13982 12156 2960 828
2235 13982 12161 2960 825
2236 13982 12165 2960 824
2237 13982 12169 2960 821
2238 13982 12175 2960 818
2239 13982 12180 2980 837
2240 13982 12184 2980 836
2241 13982 12187 2980 835
2242 13982 12191 2980 833
2243 13982 12197 2980 831
2244 13982 12201 2980 829
2245 13982 12206 2980 827
2246 13982 12211 2980 827
2247 13982 12215 2980 826
2248 13982 12220 2980 823
2249 13982 12226 2980 820
2250 13982 12233 2980 818
2251 13982 12237 2980 818
2252 13982 12241 2980 818
2253 13982 12245 2980 816
2254 13982 12249 3000 833
2255 13982 12256 3000 833
2256 13982 12257 3000 833
2257 13982 12263 3000 831
2258 13982 12267 3000 830
2259 13982 12269 3000 829
2260 13982 12275 3000 826
2261 13982 12281 3000 824
2262 13982 12284 3000 824
2263 13982 12288 3000 823
2264 13982 12291 3000 822
2265 13982 12296 3000 819
2266 13982 12301 3000 818
2267 13982 12303 3000 818
2268 13982 12307 3000 817
2269 13982 12310 3020 836
2270 13982 12313 3020 834
2271 13982 12319 3020 832
2272 13982 12322 3020 832
2273 13982 12324 3020 832
2274 13982 12328 3020 830
2275 13982 12329 3020 830
2276 13982 12331 3020 830
2277 13982 12339 3020 825
2278 13982 12346 3020 823
2279 13982 12348 3020 823
2280 13982 12353 3020 819
2281 13982 12361 3020 816
2282 13982 12364 3020 816
2283 13982 12369 3020 815
2284 13982 12372 3040 835
2285 13982 12377 3040 831
2286 13982 12384 3040 829
2287 13982 12388 3040 827
2288 13982 12395 3040 826
2289 13982 12398 3040 826
2290 13982 12404 3040 821
2291 13982 12410 3040 820
2292 13982 12413 3040 819
2293 13982 12420 3040 818
2294 13982 12422 3040 818
2295 13982 12425 3040 817
2296 13982 12431 3040 817
2297 13982 12435 3040 814
2298 13982 12442 3040 811
2299 13982 12447 3060 830
2300 13982 12451 3060 827
2301 13982 12457 3060 824
2302 13982 12462 3060 823
2303 13982 12466 3060 823
2304 13982 12469 3060 822
2305 13982 12474 3060 819
2306 13982 12480 3060 817
2307 13982 12483 3060 817
2308 13982 12488 3060 816
2309 13982 12492 3060 815
2310 13982 12496 3060 812
2311 13982 12502 3060 810
2312 13982 12506 3060 809
2313 13982 12511 3060 808
2314 13982 12515 3080 827
2315 13982 12517 3080 826
2316 13982 12521 3080 826
2317 13982 12524 3080 826
2318 13982 12530 3080 821
2319 13982 12536 3080 820
2320 13982 12539 3080 819
2321 13982 12544 3080 815
2322 13982 12550 3080 814
2323 13982 12553 3080 812
2324 13982 12560 3080 811
2325 13982 12562 3080 811
2326 13982 12567 3080 807
2327 13982 12573 3080 806
2328 13982 12576 3080 804
2329 13982 12583 3100 823
2330 13982 12585 3100 823
2331 13982 12592 3100 818
2332 13982 12599 3100 817
2333 13982 12601 3100 817
2334 13982 12609 3100 815
2335 13982 12612 3100 815
2336 13982 12614 3100 814
2337 13982 12623 3100 812
2338 13982 12627 3100 811
2339 13982 12630 3100 810
2340 13982 12635 3100 808
2341 13982 12638 3100 808
2342 13982 12641 3100 807
2343 13982 12646 3100 805
2344 13982 12650 3120 824
2345 13982 12655 3120 822
2346 13982 12661 3120 821
2347 13982 12662 3120 821
2348 13982 12668 3120 818
2349 13982 12673 3120 817
2350 13982 12678 3120 815
2351 13982 12684 3120 814
2352 13982 12687 3120 813
2353 13982 12693 3120 809
2354 13982 12700 3120 808
2355 13982 12702 3120 808
2356 13982 12708 3120 805
2357 13982 12715 3120 802
2358 13982 12719 3120 801
2359 13982 12725 3140 820
2360 13982 12728 3140 820
2361 13982 12732 3140 817
2362 13982 12739 3140 815
2363 13982 12741 3140 815
2364 13982 12747 3140 813
2365 13982 12752 3140 812
2366 13982 12754 3140 811
2367 13982 12759 3140 810
2368 13982 12764 3140 809
2369 13982 12769 3140 808
2370 13982 12774 3140 806
2371 13982 12777 3140 804
2372 13982 12781 3140 804
2373 13982 12785 3140 803
2374 13982 12790 3160 821
2375 13982 12795 3160 819
2376 13982 12800 3160 817
2377 13982 12805 3160 817
2378 13982 12807 3160 817
2379 13982 12812 3160 813
2380 13982 12819 3160 810
2381 13982 12823 3160 809
2382 13982 12828 3160 808
2383 13982 12834 3160 807
2384 13982 12837 3160 806
2385 13982 12843 3160 802
2386 13982 12851 3160 801
2387 13982 12852 3160 801
2388 13982 12860 3160 797
2389 13982 12865 3180 817
2390 13982 12866 3180 816
2391 13982 12873 3180 815
2392 13982 12877 3180 815
2393 13982 12880 3180 813
2394 13982 12887 3180 809
2395 13982 12892 3180 809
2396 13982 12895 3180 809
2397 13982 12900 3180 807
2398 13982 12905 3180 806
2399 13982 12910 3180 804
2400 13982 12915 3180 802
2401 13982 12919 3180 801
2402 13982 12924 3180 800
2403 13982 12928 3180 797
2404 13982 12931 3200 816
2405 13982 12937 3200 816
2406 13982 12939 3200 815
2407 13982 12944 3200 813
2408 13982 12948 3200 811
2409 13982 12952 3200 810
2410 13982 12956 3200 810
2411 13982 12960 3200 809
2412 13982 12962 3200 808
2413 13982 12969 3200 804
2414 13982 12974 3200 804
2415 13982 12976 3200 803
2416 13982 12982 3200 800
2417 13982 12986 3200 800
2418 13982 12988 3200 800
2419 13982 12994 3220 819
2420 13982 12997 3220 818
2421 13982 13001 3220 816
2422 13982 13007 3220 814
2423 13982 13013 3220 813
2424 13982 13016 3220 813
2425 13982 13020 3220 810
2426 13982 13027 3220 806
2427 13982 13032 3220 805
2428 13982 13036 3220 805
2429 13982 13040 3220 803
2430 13982 13044 3220 801
2431 13982 13048 3220 800
2432 13982 13053 3220 799
2433 13982 13056 3220 799
2434 13982 13059 3240 818
2435 13982 13063 3240 816
2436 13982 13066 3240 815
2437 13982 13070 3240 814
2438 13982 13076 3240 814
2439 13982 13078 3240 813
2440 13982 13083 3240 810
2441 13982 13089 3240 809
2442 13982 13092 3240 809
2443 13982 13096 3240 807
2444 13982 13102 3240 805
2445 13982 13105 3240 805
2446 13982 13107 3240 805
2447 13982 13109 3240 803
2448 13982 13117 3240 799
2449 13982 13122 3260 819
2450 13982 13124 3260 819
2451 13982 13127 3260 819
2452 13982 13130 3260 817
2453 13982 13135 3260 813
2454 13982 13143 3260 810
2455 13982 13146 3260 809
2456 13982 13153 3260 808
2457 13982 13155 3260 808
2458 13982 13158 3260 806
2459 13982 13165 3260 805
2460 13982 13169 3260 803
2461 13982 13174 3260 801
2462 13982 13179 3260 801
2463 13982 13182 3260 799
2464 13982 13188 3280 818
2465 13982 13189 3280 818
2466 13982 13195 3280 816
2467 13982 13200 3280 814
2468 13982 13206 3280 812
2469 13982 13210 3280 812
2470 13982 13214 3280 811
2471 13982 13219 3280 809
2472 13982 13223 3280 808
2473 13982 13228 3280 805
2474 13982 13233 3280 804
2475 13982 13236 3280 803
2476 13982 13242 3280 801
2477 13982 13244 3280 801
2478 13982 13248 3280 798
2479 13982 13255 3300 817
2480 13982 13256 3300 817
2481 13982 13262 3300 815
2482 13982 13266 3300 814
2483 13982 13268 3300 813
2484 13982 13274 3300 811
2485 13982 13279 3300 810
2486 13982 13281 3300 809
2487 13982 13286 3300 808
2488 13982 13289 3300 808
2489 13982 13291 3300 806
2490 13982 13298 3300 804
2491 13982 13300 3300 804
2492 13982 13306 3300 801
2493 13982 13309 3300 801
2494 13982 13311 3320 820
2495 13982 13319 3320 819
2496 13982 13321 3320 818
2497 13982 13324 3320 817
2498 13982 13327 3320 817
2499 13982 13329 3320 815
2500 13982 13336 3320 812
2501 13982 13339 3320 812
2502 13982 13341 3320 812
2503 13982 13345 3320 811
2504 13982 13348 3320 808
2505 13982 13354 3320 807
2506 13982 13356 3320 807
2507 13982 13374 3320 806
2508 13982 13376 3320 806
2509 13982 13378 3340 824
2510 13982 13384 3340 822
2511 13982 13398 3340 822
2512 13982 13402 3340 821
2513 13982 13406 3340 821
2514 13982 13408 3340 819
2515 13982 13413 3340 818
2516 13982 13424 3340 818
2517 13982 13440 3340 816
2518 13982 13444 3340 816
2519 13982 13449 3340 815
2520 13982 13451 3340 815
2521 13982 13454 3340 815
2522 13982 13465 3340 814
2523 13982 13470 3340 813
2524 13982 13473 3360 833
2525 13982 13475 3360 833
2526 13982 13486 3360 833
2527 13982 13486 3360 833
2528 13982 13491 3360 832
2529 13982 13503 3360 832
2530 13982 13506 3360 832
2531 13982 13507 3360 832
2532 13982 13509 3360 832
2533 13982 13509 3360 832
2534 13982 13510 3360 832
2535 13982 13572 3360 832
2536 13982 13581 3360 832
2537 13982 13612 3360 832
2538 13982 13633 3360 832
2539 13982 13655 3380 852
2540 13982 13686 3380 852
2541 13982 13696 3380 852
2542 13982 13708 3380 852
2543 13982 13751 3380 852
2544 13982 13764 3380 852
2545 13982 13796 3380 852
2546 13982 13801 3380 852
2547 13982 13825 3380 852
2548 13982 13831 3380 852
2549 13982 13859 3380 852
2550 13982 13872 3380 852
2551 13982 13896 3380 852
2552 13982 13902 3380 852
2553 13982 13920 3380 852
2554 13982 13929 3400 872
2555 13982 13942 3400 872
2556 13982 13947 3400 872
2557 13982 13958 3400 872
2558 13982 13961 3400 872
2559 13982 13969 3400 872
2560 13982 13970 3400 872
2561 13982 13978 3400 872
2562 13982 13978 3400 872
2563 13982 13982 3400 872
2564 13982 13982 3400 872
2565 13982 13982 3400 872
