1 9082 100 0 0
2 9082 141 0 0
3 9082 141 0 0
4 9082 147 0 0
5 9082 147 0 0
6 9082 153 0 0
7 9082 153 0 0
8 9082 159 0 0
9 9082 159 0 0
10 9082 163 0 0
11 9082 163 0 0
12 9082 165 0 0
13 9082 165 0 0
14 9082 167 0 0
15 9082 167 0 0
16 9082 167 0 0
17 9082 173 28 22
18 9082 178 28 20
19 9082 179 28 19
20 9082 181 28 17
21 9082 185 28 16
22 9082 186 28 16
23 9082 188 28 16
24 9082 188 28 16
25 9082 191 28 13
26 9082 195 28 13
27 9082 195 28 13
28 9082 199 28 12
29 9082 200 28 12
30 9082 202 28 10
31 9082 207 28 8
32 9082 208 56 36
33 9082 211 56 35
34 9082 213 56 35
35 9082 214 56 34
36 9082 217 56 34
37 9082 219 56 33
38 9082 221 56 33
39 9082 223 56 33
40 9082 225 56 31
41 9082 230 56 29
42 9082 231 56 29
43 9082 233 56 28
44 9082 235 56 28
45 9082 236 56 27
46 9082 239 56 26
47 9082 240 84 54
48 9082 242 84 53
49 9082 244 84 53
50 9082 245 84 52
51 9082 249 84 50
52 9082 250 84 50
53 9082 253 84 49
54 9082 255 84 49
55 9082 256 84 48
56 9082 258 84 48
57 9082 260 84 47
58 9082 262 84 47
59 9082 264 84 47
60 9082 267 84 45
61 9082 270 84 44
62 9082 272 112 71
63 9082 274 112 71
64 9082 275 112 71
65 9082 277 112 70
66 9082 280 112 68
67 9082 283 112 67
68 9082 286 112 66
69 9082 287 112 66
70 9082 289 112 65
71 9082 292 112 64
72 9082 293 112 64
73 9082 296 112 63
74 9082 299 112 62
75 9082 299 112 62
76 9082 302 112 61
77 9082 305 140 88
78 9082 306 140 88
79 9082 309 140 87
80 9082 311 140 86
81 9082 313 140 86
82 9082 315 140 86
83 9082 318 140 84
84 9082 321 140 83
85 9082 323 140 82
86 9082 326 140 81
87 9082 328 140 81
88 9082 330 140 80
89 9082 333 140 79
90 9082 336 140 77
91 9082 339 140 76
92 9082 341 168 104
93 9082 343 168 103
94 9082 345 168 103
95 9082 346 168 103
96 9082 350 168 101
97 9082 353 168 100
98 9082 353 168 100
99 9082 357 168 99
100 9082 358 168 99
101 9082 359 168 98
102 9082 362 168 98
103 9082 363 168 97
104 9082 365 168 96
105 9082 367 168 96
106 9082 368 168 95
107 9082 371 196 122
108 9082 372 196 122
109 9082 374 196 121
110 9082 377 196 120
111 9082 378 196 119
112 9082 381 196 118
113 9082 382 196 118
114 9082 384 196 118
115 9082 386 196 118
116 9082 388 196 116
117 9082 391 196 115
118 9082 393 196 114
119 9082 396 196 113
120 9082 398 196 113
121 9082 400 196 112
122 9082 401 224 140
123 9082 404 224 139
124 9082 406 224 139
125 9082 408 224 138
126 9082 411 224 137
127 9082 413 224 136
128 9082 416 224 135
129 9082 419 224 134
130 9082 420 224 133
131 9082 423 224 132
132 9082 425 224 132
133 9082 426 224 132
134 9082 429 224 131
135 9082 431 224 130
136 9082 433 224 130
137 9082 435 252 158
138 9082 437 252 157
139 9082 439 252 156
140 9082 443 252 154
141 9082 445 252 154
142 9082 447 252 153
143 9082 449 252 152
144 9082 450 252 152
145 9082 453 252 151
146 9082 455 252 151
147 9082 456 252 151
148 9082 458 252 150
149 9082 460 252 149
150 9082 463 252 147
151 9082 466 252 146
152 9082 467 280 174
153 9082 468 280 174
154 9082 470 280 173
155 9082 472 280 173
156 9082 474 280 173
157 9082 478 280 173
158 9082 479 280 172
159 9082 481 280 172
160 9082 483 280 172
161 9082 486 280 171
162 9082 489 280 171
163 9082 490 280 170
164 9082 495 280 168
165 9082 497 280 168
166 9082 499 280 167
167 9082 502 308 195
168 9082 503 308 194
169 9082 506 308 192
170 9082 510 308 192
171 9082 511 308 192
172 9082 514 308 191
173 9082 515 308 191
174 9082 518 308 189
175 9082 521 308 189
176 9082 522 308 189
177 9082 524 308 189
178 9082 526 308 188
179 9082 527 308 188
180 9082 530 308 188
181 9082 531 308 188
182 9082 534 336 215
183 9082 536 336 214
184 9082 539 336 213
185 9082 542 336 213
186 9082 544 336 213
187 9082 545 336 213
188 9082 546 336 212
189 9082 551 336 210
190 9082 554 336 210
191 9082 555 336 210
192 9082 558 336 210
193 9082 558 336 210
194 9082 562 336 208
195 9082 565 336 208
196 9082 566 336 208
197 9082 571 364 235
198 9082 575 364 235
199 9082 576 364 235
200 9082 581 364 235
201 9082 582 364 235
202 9082 585 364 235
203 9082 587 364 235
204 9082 591 364 235
205 9082 592 364 235
206 9082 598 364 235
207 9082 600 364 235
208 9082 605 364 235
209 9082 605 364 235
210 9082 610 364 234
211 9082 612 364 234
212 9082 621 392 259
213 9082 624 392 259
214 9082 625 392 259
215 9082 629 392 258
216 9082 632 392 258
217 9082 633 392 258
218 9082 635 392 258
219 9082 635 392 258
220 9082 638 392 258
221 9082 638 392 258
222 9082 640 392 257
223 9082 643 392 257
224 9082 643 392 257
225 9082 647 392 256
226 9082 648 392 256
227 9082 650 420 282
228 9082 654 420 282
229 9082 654 420 282
230 9082 656 420 281
231 9082 658 420 281
232 9082 659 420 280
233 9082 662 420 279
234 9082 663 420 279
235 9082 666 420 278
236 9082 668 420 278
237 9082 671 420 277
238 9082 674 420 276
239 9082 677 420 276
240 9082 678 420 276
241 9082 681 420 276
242 9082 681 448 304
243 9082 684 448 304
244 9082 685 448 304
245 9082 689 448 304
246 9082 690 448 304
247 9082 694 448 304
248 9082 695 448 304
249 9082 701 448 304
250 9082 701 448 304
251 9082 708 448 304
252 9082 709 448 304
253 9082 712 448 304
254 9082 714 448 304
255 9082 719 448 304
256 9082 721 448 304
257 9082 725 476 332
258 9082 728 476 330
259 9082 733 476 330
260 9082 735 476 329
261 9082 738 476 329
262 9082 740 476 329
263 9082 742 476 329
264 9082 743 476 329
265 9082 745 476 329
266 9082 747 476 328
267 9082 751 476 327
268 9082 753 476 326
269 9082 756 476 325
270 9082 759 476 324
271 9082 761 476 323
272 9082 764 504 351
273 9082 764 504 351
274 9082 767 504 351
275 9082 767 504 351
276 9082 770 504 350
277 9082 773 504 350
278 9082 774 504 350
279 9082 776 504 350
280 9082 780 504 349
281 9082 783 504 348
282 9082 784 504 348
283 9082 787 504 347
284 9082 789 504 347
285 9082 790 504 346
286 9082 792 504 346
287 9082 793 532 374
288 9082 796 532 373
289 9082 799 532 373
290 9082 800 532 372
291 9082 803 532 370
292 9082 806 532 370
293 9082 807 532 370
294 9082 810 532 369
295 9082 811 532 369
296 9082 814 532 367
297 9082 817 532 367
298 9082 818 532 367
299 9082 820 532 367
300 9082 821 532 367
301 9082 823 532 365
302 9082 826 560 392
303 9082 828 560 392
304 9082 830 560 392
305 9082 832 560 391
306 9082 833 560 391
307 9082 836 560 390
308 9082 838 560 390
309 9082 840 560 390
310 9082 842 560 389
311 9082 846 560 388
312 9082 848 560 387
313 9082 853 560 387
314 9082 854 560 387
315 9082 857 560 386
316 9082 860 560 385
317 9082 861 588 413
318 9082 864 588 413
319 9082 866 588 413
320 9082 867 588 413
321 9082 871 588 412
322 9082 874 588 412
323 9082 878 588 411
324 9082 882 588 411
325 9082 884 588 411
326 9082 885 588 411
327 9082 889 588 411
328 9082 890 588 411
329 9082 893 588 411
330 9082 894 588 411
331 9082 897 588 411
332 9082 902 616 438
333 9082 904 616 438
334 9082 908 616 438
335 9082 909 616 438
336 9082 914 616 437
337 9082 917 616 436
338 9082 921 616 436
339 9082 924 616 436
340 9082 925 616 436
341 9082 930 616 435
342 9082 935 616 434
343 9082 937 616 434
344 9082 940 616 434
345 9082 943 616 434
346 9082 944 616 434
347 9082 947 644 461
348 9082 949 644 460
349 9082 951 644 460
350 9082 953 644 460
351 9082 955 644 459
352 9082 956 644 459
353 9082 959 644 458
354 9082 961 644 458
355 9082 963 644 457
356 9082 966 644 456
357 9082 969 644 456
358 9082 971 644 455
359 9082 974 644 455
360 9082 976 644 454
361 9082 980 644 453
362 9082 982 672 481
363 9082 984 672 481
364 9082 986 672 481
365 9082 989 672 480
366 9082 991 672 480
367 9082 995 672 480
368 9082 999 672 480
369 9082 1001 672 480
370 9082 1004 672 480
371 9082 1008 672 480
372 9082 1009 672 480
373 9082 1014 672 480
374 9082 1014 672 480
375 9082 1018 672 480
376 9082 1019 672 480
377 9082 1024 700 508
378 9082 1024 700 508
379 9082 1027 700 508
380 9082 1030 700 508
381 9082 1032 700 508
382 9082 1035 700 508
383 9082 1037 700 507
384 9082 1038 700 507
385 9082 1043 700 506
386 9082 1044 700 506
387 9082 1045 700 506
388 9082 1047 700 506
389 9082 1049 700 506
390 9082 1051 700 506
391 9082 1053 700 506
392 9082 1054 728 534
393 9082 1056 728 533
394 9082 1059 728 533
395 9082 1059 728 533
396 9082 1061 728 533
397 9082 1064 728 532
398 9082 1066 728 532
399 9082 1069 728 531
400 9082 1072 728 529
401 9082 1074 728 529
402 9082 1076 728 528
403 9082 1080 728 528
404 9082 1080 728 528
405 9082 1083 728 526
406 9082 1086 728 526
407 9082 1086 756 554
408 9082 1089 756 554
409 9082 1090 756 553
410 9082 1092 756 552
411 9082 1094 756 552
412 9082 1096 756 551
413 9082 1099 756 551
414 9082 1100 756 550
415 9082 1104 756 548
416 9082 1106 756 548
417 9082 1107 756 548
418 9082 1110 756 548
419 9082 1111 756 547
420 9082 1115 756 545
421 9082 1117 756 545
422 9082 1119 784 572
423 9082 1122 784 572
424 9082 1123 784 571
425 9082 1126 784 570
426 9082 1128 784 569
427 9082 1132 784 567
428 9082 1134 784 567
429 9082 1135 784 567
430 9082 1136 784 567
431 9082 1139 784 566
432 9082 1145 784 565
433 9082 1146 784 564
434 9082 1149 784 563
435 9082 1152 784 563
436 9082 1154 784 562
437 9082 1157 812 590
438 9082 1157 812 590
439 9082 1160 812 589
440 9082 1161 812 589
441 9082 1164 812 588
442 9082 1166 812 588
443 9082 1169 812 586
444 9082 1172 812 586
445 9082 1174 812 585
446 9082 1177 812 585
447 9082 1178 812 585
448 9082 1181 812 583
449 9082 1184 812 583
450 9082 1184 812 583
451 9082 1188 812 582
452 9082 1190 840 610
453 9082 1192 840 608
454 9082 1196 840 608
455 9082 1197 840 608
456 9082 1201 840 606
457 9082 1203 840 606
458 9082 1203 840 606
459 9082 1207 840 606
460 9082 1207 840 606
461 9082 1210 840 604
462 9082 1213 840 604
463 9082 1214 840 603
464 9082 1218 840 603
465 9082 1218 840 603
466 9082 1220 840 602
467 9082 1222 868 630
468 9082 1224 868 629
469 9082 1226 868 629
470 9082 1229 868 629
471 9082 1229 868 629
472 9082 1234 868 629
473 9082 1234 868 629
474 9082 1239 868 628
475 9082 1241 868 628
476 9082 1245 868 628
477 9082 1248 868 628
478 9082 1250 868 628
479 9082 1252 868 628
480 9082 1255 868 628
481 9082 1258 868 627
482 9082 1262 896 655
483 9082 1264 896 655
484 9082 1268 896 655
485 9082 1273 896 655
486 9082 1278 896 654
487 9082 1280 896 653
488 9082 1283 896 653
489 9082 1286 896 653
490 9082 1289 896 652
491 9082 1291 896 652
492 9082 1293 896 652
493 9082 1296 896 652
494 9082 1299 896 652
495 9082 1302 896 651
496 9082 1307 896 650
497 9082 1310 924 677
498 9082 1312 924 677
499 9082 1312 924 677
500 9082 1315 924 676
501 9082 1316 924 676
502 9082 1319 924 675
503 9082 1321 924 675
504 9082 1322 924 674
505 9082 1325 924 674
506 9082 1326 924 674
507 9082 1329 924 673
508 9082 1331 924 673
509 9082 1333 924 671
510 9082 1338 924 671
511 9082 1338 924 671
512 9082 1342 952 699
513 9082 1343 952 699
514 9082 1346 952 697
515 9082 1351 952 697
516 9082 1351 952 697
517 9082 1356 952 697
518 9082 1357 952 697
519 9082 1360 952 696
520 9082 1365 952 696
521 9082 1365 952 696
522 9082 1371 952 696
523 9082 1372 952 696
524 9082 1376 952 696
525 9082 1377 952 696
526 9082 1383 952 696
527 9082 1385 980 724
528 9082 1387 980 724
529 9082 1390 980 724
530 9082 1390 980 724
531 9082 1395 980 724
532 9082 1397 980 724
533 9082 1400 980 723
534 9082 1402 980 723
535 9082 1403 980 723
536 9082 1407 980 722
537 9082 1409 980 722
538 9082 1413 980 722
539 9082 1415 980 721
540 9082 1417 980 721
541 9082 1419 980 720
542 9082 1421 1008 748
543 9082 1423 1008 748
544 9082 1424 1008 748
545 9082 1427 1008 747
546 9082 1429 1008 746
547 9082 1432 1008 745
548 9082 1436 1008 744
549 9082 1436 1008 744
550 9082 1439 1008 743
551 9082 1440 1008 743
552 9082 1442 1008 742
553 9082 1445 1008 742
554 9082 1445 1008 742
555 9082 1448 1008 742
556 9082 1449 1008 742
557 9082 1455 1036 768
558 9082 1457 1036 768
559 9082 1459 1036 767
560 9082 1463 1036 767
561 9082 1463 1036 767
562 9082 1465 1036 766
563 9082 1467 1036 766
564 9082 1468 1036 765
565 9082 1472 1036 764
566 9082 1473 1036 764
567 9082 1475 1036 763
568 9082 1479 1036 762
569 9082 1481 1036 761
570 9082 1484 1036 761
571 9082 1484 1036 761
572 9082 1488 1064 788
573 9082 1490 1064 787
574 9082 1492 1064 786
575 9082 1496 1064 786
576 9082 1497 1064 786
577 9082 1499 1064 785
578 9082 1502 1064 784
579 9082 1504 1064 783
580 9082 1507 1064 782
581 9082 1509 1064 782
582 9082 1510 1064 782
583 9082 1513 1064 781
584 9082 1514 1064 781
585 9082 1517 1064 780
586 9082 1519 1064 780
587 9082 1522 1092 808
588 9082 1522 1092 808
589 9082 1526 1092 807
590 9082 1528 1092 807
591 9082 1530 1092 806
592 9082 1533 1092 806
593 9082 1533 1092 806
594 9082 1538 1092 805
595 9082 1539 1092 805
596 9082 1542 1092 805
597 9082 1544 1092 805
598 9082 1546 1092 805
599 9082 1547 1092 804
600 9082 1554 1092 803
601 9082 1555 1092 803
602 9082 1560 1120 831
603 9082 1560 1120 831
604 9082 1565 1120 831
605 9082 1567 1120 831
606 9082 1569 1120 831
607 9082 1571 1120 831
608 9082 1572 1120 831
609 9082 1575 1120 831
610 9082 1578 1120 830
611 9082 1581 1120 830
612 9082 1584 1120 830
613 9082 1587 1120 830
614 9082 1587 1120 830
615 9082 1593 1120 829
616 9082 1596 1120 828
617 9082 1599 1148 856
618 9082 1600 1148 856
619 9082 1606 1148 854
620 9082 1610 1148 853
621 9082 1611 1148 853
622 9082 1613 1148 853
623 9082 1615 1148 853
624 9082 1618 1148 852
625 9082 1621 1148 851
626 9082 1622 1148 851
627 9082 1624 1148 851
628 9082 1626 1148 851
629 9082 1628 1148 850
630 9082 1630 1148 850
631 9082 1632 1148 849
632 9082 1635 1176 876
633 9082 1637 1176 876
634 9082 1638 1176 876
635 9082 1641 1176 876
636 9082 1643 1176 875
637 9082 1646 1176 875
638 9082 1647 1176 874
639 9082 1651 1176 874
640 9082 1651 1176 874
641 9082 1656 1176 873
642 9082 1657 1176 873
643 9082 1660 1176 872
644 9082 1663 1176 872
645 9082 1664 1176 872
646 9082 1666 1176 872
647 9082 1669 1204 900
648 9082 1669 1204 900
649 9082 1674 1204 900
650 9082 1675 1204 900
651 9082 1680 1204 900
652 9082 1681 1204 900
653 9082 1685 1204 900
654 9082 1686 1204 900
655 9082 1692 1204 900
656 9082 1693 1204 900
657 9082 1696 1204 900
658 9082 1698 1204 900
659 9082 1701 1204 900
660 9082 1703 1204 900
661 9082 1708 1204 900
662 9082 1709 1232 928
663 9082 1712 1232 928
664 9082 1714 1232 928
665 9082 1717 1232 928
666 9082 1719 1232 928
667 9082 1720 1232 928
668 9082 1722 1232 928
669 9082 1723 1232 928
670 9082 1726 1232 928
671 9082 1727 1232 928
672 9082 1728 1232 928
673 9082 1732 1232 927
674 9082 1733 1232 927
675 9082 1735 1232 927
676 9082 1738 1232 926
677 9082 1740 1260 954
678 9082 1742 1260 953
679 9082 1745 1260 953
680 9082 1745 1260 953
681 9082 1747 1260 953
682 9082 1749 1260 953
683 9082 1751 1260 953
684 9082 1754 1260 952
685 9082 1755 1260 952
686 9082 1757 1260 952
687 9082 1758 1260 952
688 9082 1761 1260 952
689 9082 1762 1260 952
690 9082 1764 1260 951
691 9082 1768 1260 949
692 9082 1770 1288 977
693 9082 1773 1288 976
694 9082 1776 1288 975
695 9082 1777 1288 974
696 9082 1780 1288 973
697 9082 1782 1288 973
698 9082 1784 1288 973
699 9082 1786 1288 973
700 9082 1788 1288 971
701 9082 1791 1288 970
702 9082 1792 1288 970
703 9082 1795 1288 968
704 9082 1798 1288 968
705 9082 1798 1288 968
706 9082 1801 1288 967
707 9082 1802 1316 995
708 9082 1804 1316 994
709 9082 1807 1316 994
710 9082 1808 1316 993
711 9082 1812 1316 992
712 9082 1813 1316 992
713 9082 1816 1316 990
714 9082 1819 1316 990
715 9082 1820 1316 989
716 9082 1824 1316 988
717 9082 1826 1316 987
718 9082 1829 1316 985
719 9082 1832 1316 985
720 9082 1833 1316 984
721 9082 1836 1316 984
722 9082 1837 1344 1012
723 9082 1840 1344 1010
724 9082 1843 1344 1010
725 9082 1845 1344 1008
726 9082 1849 1344 1007
727 9082 1850 1344 1007
728 9082 1852 1344 1006
729 9082 1854 1344 1006
730 9082 1856 1344 1005
731 9082 1859 1344 1004
732 9082 1861 1344 1004
733 9082 1863 1344 1003
734 9082 1866 1344 1002
735 9082 1868 1344 1001
736 9082 1871 1344 1000
737 9082 1874 1372 1027
738 9082 1875 1372 1026
739 9082 1879 1372 1025
740 9082 1880 1372 1025
741 9082 1882 1372 1024
742 9082 1885 1372 1024
743 9082 1886 1372 1023
744 9082 1889 1372 1022
745 9082 1893 1372 1022
746 9082 1893 1372 1022
747 9082 1895 1372 1022
748 9082 1898 1372 1022
749 9082 1900 1372 1022
750 9082 1902 1372 1021
751 9082 1905 1372 1019
752 9082 1908 1400 1047
753 9082 1909 1400 1047
754 9082 1911 1400 1046
755 9082 1913 1400 1045
756 9082 1916 1400 1044
757 9082 1918 1400 1044
758 9082 1920 1400 1043
759 9082 1923 1400 1042
760 9082 1925 1400 1042
761 9082 1926 1400 1041
762 9082 1930 1400 1040
763 9082 1931 1400 1040
764 9082 1934 1400 1038
765 9082 1937 1400 1038
766 9082 1937 1400 1038
767 9082 1940 1428 1066
768 9082 1941 1428 1066
769 9082 1942 1428 1066
770 9082 1945 1428 1066
771 9082 1946 1428 1065
772 9082 1949 1428 1064
773 9082 1950 1428 1064
774 9082 1953 1428 1064
775 9082 1953 1428 1064
776 9082 1957 1428 1063
777 9082 1959 1428 1063
778 9082 1961 1428 1062
779 9082 1967 1428 1062
780 9082 1968 1428 1062
781 9082 1970 1428 1061
782 9082 1974 1456 1089
783 9082 1975 1456 1088
784 9082 1980 1456 1088
785 9082 1981 1456 1088
786 9082 1986 1456 1088
787 9082 1988 1456 1088
788 9082 1991 1456 1088
789 9082 1993 1456 1088
790 9082 1996 1456 1088
791 9082 2000 1456 1088
792 9082 2002 1456 1087
793 9082 2006 1456 1087
794 9082 2008 1456 1086
795 9082 2012 1456 1086
796 9082 2013 1456 1086
797 9082 2017 1484 1114
798 9082 2018 1484 1114
799 9082 2023 1484 1113
800 9082 2025 1484 1113
801 9082 2031 1484 1111
802 9082 2038 1484 1111
803 9082 2039 1484 1111
804 9082 2041 1484 1109
805 9082 2046 1484 1109
806 9082 2047 1484 1109
807 9082 2051 1484 1109
808 9082 2051 1484 1109
809 9082 2053 1484 1107
810 9082 2057 1484 1107
811 9082 2057 1484 1107
812 9082 2060 1512 1135
813 9082 2060 1512 1135
814 9082 2062 1512 1133
815 9082 2066 1512 1133
816 9082 2066 1512 1133
817 9082 2069 1512 1132
818 9082 2071 1512 1132
819 9082 2072 1512 1131
820 9082 2077 1512 1131
821 9082 2077 1512 1131
822 9082 2082 1512 1130
823 9082 2083 1512 1130
824 9082 2086 1512 1129
825 9082 2089 1512 1129
826 9082 2090 1512 1129
827 9082 2093 1540 1156
828 9082 2095 1540 1156
829 9082 2097 1540 1156
830 9082 2100 1540 1156
831 9082 2100 1540 1156
832 9082 2101 1540 1156
833 9082 2103 1540 1156
834 9082 2105 1540 1156
835 9082 2107 1540 1156
836 9082 2109 1540 1156
837 9082 2112 1540 1156
838 9082 2113 1540 1156
839 9082 2117 1540 1156
840 9082 2118 1540 1156
841 9082 2119 1540 1156
842 9082 2123 1568 1183
843 9082 2123 1568 1183
844 9082 2127 1568 1183
845 9082 2128 1568 1183
846 9082 2131 1568 1183
847 9082 2136 1568 1182
848 9082 2137 1568 1182
849 9082 2141 1568 1182
850 9082 2143 1568 1182
851 9082 2145 1568 1181
852 9082 2147 1568 1181
853 9082 2150 1568 1180
854 9082 2151 1568 1180
855 9082 2154 1568 1179
856 9082 2156 1568 1179
857 9082 2157 1596 1207
858 9082 2160 1596 1205
859 9082 2164 1596 1205
860 9082 2165 1596 1204
861 9082 2167 1596 1204
862 9082 2170 1596 1203
863 9082 2172 1596 1202
864 9082 2176 1596 1201
865 9082 2176 1596 1201
866 9082 2179 1596 1201
867 9082 2180 1596 1201
868 9082 2182 1596 1200
869 9082 2186 1596 1200
870 9082 2186 1596 1200
871 9082 2189 1596 1199
872 9082 2191 1624 1227
873 9082 2192 1624 1226
874 9082 2196 1624 1225
875 9082 2197 1624 1225
876 9082 2199 1624 1224
877 9082 2202 1624 1224
878 9082 2203 1624 1223
879 9082 2206 1624 1222
880 9082 2207 1624 1222
881 9082 2209 1624 1221
882 9082 2212 1624 1221
883 9082 2212 1624 1221
884 9082 2215 1624 1220
885 9082 2216 1624 1220
886 9082 2218 1624 1220
887 9082 2221 1652 1248
888 9082 2223 1652 1246
889 9082 2226 1652 1246
890 9082 2228 1652 1246
891 9082 2230 1652 1246
892 9082 2231 1652 1246
893 9082 2233 1652 1244
894 9082 2237 1652 1243
895 9082 2238 1652 1243
896 9082 2241 1652 1243
897 9082 2243 1652 1243
898 9082 2245 1652 1241
899 9082 2248 1652 1240
900 9082 2250 1652 1240
901 9082 2252 1652 1240
902 9082 2254 1680 1268
903 9082 2254 1680 1268
904 9082 2258 1680 1267
905 9082 2261 1680 1267
906 9082 2264 1680 1267
907 9082 2265 1680 1267
908 9082 2269 1680 1266
909 9082 2271 1680 1266
910 9082 2275 1680 1266
911 9082 2277 1680 1266
912 9082 2278 1680 1266
913 9082 2280 1680 1265
914 9082 2285 1680 1265
915 9082 2286 1680 1265
916 9082 2290 1680 1265
917 9082 2294 1708 1293
918 9082 2296 1708 1292
919 9082 2299 1708 1292
920 9082 2300 1708 1292
921 9082 2304 1708 1292
922 9082 2305 1708 1292
923 9082 2309 1708 1292
924 9082 2311 1708 1292
925 9082 2314 1708 1291
926 9082 2316 1708 1290
927 9082 2318 1708 1290
928 9082 2319 1708 1290
929 9082 2321 1708 1290
930 9082 2322 1708 1290
931 9082 2327 1708 1288
932 9082 2329 1736 1316
933 9082 2331 1736 1316
934 9082 2336 1736 1315
935 9082 2337 1736 1315
936 9082 2340 1736 1314
937 9082 2344 1736 1314
938 9082 2345 1736 1314
939 9082 2349 1736 1313
940 9082 2351 1736 1313
941 9082 2355 1736 1311
942 9082 2359 1736 1311
943 9082 2359 1736 1311
944 9082 2362 1736 1309
945 9082 2365 1736 1309
946 9082 2365 1736 1309
947 9082 2369 1764 1337
948 9082 2369 1764 1337
949 9082 2371 1764 1336
950 9082 2374 1764 1336
951 9082 2376 1764 1336
952 9082 2378 1764 1336
953 9082 2380 1764 1336
954 9082 2384 1764 1335
955 9082 2386 1764 1335
956 9082 2391 1764 1334
957 9082 2394 1764 1334
958 9082 2395 1764 1334
959 9082 2398 1764 1333
960 9082 2400 1764 1333
961 9082 2402 1764 1333
962 9082 2405 1792 1361
963 9082 2408 1792 1361
964 9082 2412 1792 1360
965 9082 2414 1792 1360
966 9082 2416 1792 1360
967 9082 2420 1792 1360
968 9082 2423 1792 1360
969 9082 2425 1792 1360
970 9082 2426 1792 1360
971 9082 2428 1792 1360
972 9082 2429 1792 1360
973 9082 2433 1792 1360
974 9082 2433 1792 1360
975 9082 2436 1792 1360
976 9082 2439 1792 1360
977 9082 2442 1820 1388
978 9082 2444 1820 1388
979 9082 2445 1820 1388
980 9082 2446 1820 1388
981 9082 2451 1820 1387
982 9082 2452 1820 1387
983 9082 2455 1820 1387
984 9082 2456 1820 1387
985 9082 2461 1820 1387
986 9082 2464 1820 1386
987 9082 2467 1820 1386
988 9082 2468 1820 1385
989 9082 2469 1820 1385
990 9082 2470 1820 1385
991 9082 2472 1820 1385
992 9082 2474 1848 1413
993 9082 2475 1848 1413
994 9082 2478 1848 1412
995 9082 2481 1848 1411
996 9082 2484 1848 1410
997 9082 2485 1848 1410
998 9082 2486 1848 1410
999 9082 2488 1848 1410
1000 9082 2489 1848 1410
1001 9082 2493 1848 1408
1002 9082 2494 1848 1408
1003 9082 2497 1848 1406
1004 9082 2501 1848 1405
1005 9082 2501 1848 1405
1006 9082 2503 1848 1405
1007 9082 2504 1876 1433
1008 9082 2507 1876 1431
1009 9082 2510 1876 1431
1010 9082 2512 1876 1429
1011 9082 2515 1876 1429
1012 9082 2516 1876 1429
1013 9082 2518 1876 1428
1014 9082 2521 1876 1428
1015 9082 2522 1876 1427
1016 9082 2526 1876 1426
1017 9082 2527 1876 1426
1018 9082 2529 1876 1425
1019 9082 2532 1876 1425
1020 9082 2533 1876 1424
1021 9082 2537 1876 1423
1022 9082 2538 1904 1451
1023 9082 2542 1904 1448
1024 9082 2545 1904 1448
1025 9082 2545 1904 1448
1026 9082 2549 1904 1447
1027 9082 2551 1904 1446
1028 9082 2554 1904 1444
1029 9082 2557 1904 1444
1030 9082 2558 1904 1443
1031 9082 2561 1904 1443
1032 9082 2562 1904 1443
1033 9082 2568 1904 1442
1034 9082 2571 1904 1441
1035 9082 2573 1904 1440
1036 9082 2578 1904 1440
1037 9082 2578 1932 1468
1038 9082 2582 1932 1466
1039 9082 2585 1932 1466
1040 9082 2586 1932 1465
1041 9082 2590 1932 1465
1042 9082 2590 1932 1465
1043 9082 2594 1932 1462
1044 9082 2598 1932 1462
1045 9082 2598 1932 1462
1046 9082 2602 1932 1462
1047 9082 2602 1932 1462
1048 9082 2605 1932 1459
1049 9082 2609 1932 1459
1050 9082 2609 1932 1459
1051 9082 2613 1932 1458
1052 9082 2614 1960 1486
1053 9082 2615 1960 1485
1054 9082 2619 1960 1485
1055 9082 2619 1960 1485
1056 9082 2623 1960 1484
1057 9082 2624 1960 1484
1058 9082 2627 1960 1483
1059 9082 2630 1960 1483
1060 9082 2631 1960 1483
1061 9082 2634 1960 1482
1062 9082 2636 1960 1482
1063 9082 2638 1960 1481
1064 9082 2643 1960 1481
1065 9082 2643 1960 1481
1066 9082 2647 1960 1481
1067 9082 2648 1988 1509
1068 9082 2652 1988 1508
1069 9082 2653 1988 1508
1070 9082 2659 1988 1507
1071 9082 2661 1988 1507
1072 9082 2665 1988 1507
1073 9082 2666 1988 1507
1074 9082 2671 1988 1507
1075 9082 2671 1988 1507
1076 9082 2675 1988 1507
1077 9082 2676 1988 1507
1078 9082 2679 1988 1507
1079 9082 2682 1988 1506
1080 9082 2685 1988 1506
1081 9082 2688 1988 1506
1082 9082 2692 2016 1534
1083 9082 2693 2016 1534
1084 9082 2699 2016 1533
1085 9082 2701 2016 1533
1086 9082 2707 2016 1531
1087 9082 2710 2016 1530
1088 9082 2711 2016 1530
1089 9082 2714 2016 1529
1090 9082 2716 2016 1529
1091 9082 2717 2016 1529
1092 9082 2720 2016 1529
1093 9082 2720 2016 1529
1094 9082 2723 2016 1527
1095 9082 2726 2016 1527
1096 9082 2727 2016 1527
1097 9082 2730 2044 1555
1098 9082 2731 2044 1554
1099 9082 2734 2044 1552
1100 9082 2737 2044 1552
1101 9082 2738 2044 1552
1102 9082 2741 2044 1552
1103 9082 2741 2044 1552
1104 9082 2744 2044 1550
1105 9082 2748 2044 1550
1106 9082 2748 2044 1550
1107 9082 2752 2044 1550
1108 9082 2752 2044 1550
1109 9082 2755 2044 1548
1110 9082 2759 2044 1548
1111 9082 2762 2044 1548
1112 9082 2765 2072 1576
1113 9082 2768 2072 1576
1114 9082 2768 2072 1576
1115 9082 2772 2072 1576
1116 9082 2773 2072 1576
1117 9082 2776 2072 1576
1118 9082 2777 2072 1576
1119 9082 2781 2072 1576
1120 9082 2781 2072 1576
1121 9082 2787 2072 1576
1122 9082 2788 2072 1576
1123 9082 2794 2072 1576
1124 9082 2796 2072 1576
1125 9082 2797 2072 1576
1126 9082 2800 2072 1576
1127 9082 2802 2100 1604
1128 9082 2806 2100 1603
1129 9082 2810 2100 1603
1130 9082 2813 2100 1603
1131 9082 2817 2100 1602
1132 9082 2822 2100 1601
1133 9082 2824 2100 1600
1134 9082 2826 2100 1600
1135 9082 2826 2100 1600
1136 9082 2828 2100 1600
1137 9082 2829 2100 1600
1138 9082 2831 2100 1600
1139 9082 2834 2100 1598
1140 9082 2836 2100 1598
1141 9082 2838 2100 1598
1142 9082 2840 2128 1625
1143 9082 2843 2128 1624
1144 9082 2844 2128 1624
1145 9082 2847 2128 1624
1146 9082 2848 2128 1624
1147 9082 2850 2128 1623
1148 9082 2854 2128 1622
1149 9082 2855 2128 1622
1150 9082 2858 2128 1622
1151 9082 2862 2128 1621
1152 9082 2865 2128 1619
1153 9082 2867 2128 1619
1154 9082 2869 2128 1618
1155 9082 2872 2128 1618
1156 9082 2872 2128 1618
1157 9082 2875 2156 1644
1158 9082 2877 2156 1644
1159 9082 2877 2156 1644
1160 9082 2880 2156 1644
1161 9082 2881 2156 1644
1162 9082 2884 2156 1643
1163 9082 2886 2156 1643
1164 9082 2888 2156 1641
1165 9082 2892 2156 1641
1166 9082 2892 2156 1641
1167 9082 2895 2156 1640
1168 9082 2897 2156 1640
1169 9082 2899 2156 1638
1170 9082 2903 2156 1638
1171 9082 2903 2156 1638
1172 9082 2906 2184 1665
1173 9082 2908 2184 1664
1174 9082 2911 2184 1662
1175 9082 2914 2184 1662
1176 9082 2915 2184 1662
1177 9082 2918 2184 1661
1178 9082 2920 2184 1660
1179 9082 2921 2184 1660
1180 9082 2924 2184 1660
1181 9082 2925 2184 1660
1182 9082 2928 2184 1659
1183 9082 2929 2184 1659
1184 9082 2933 2184 1658
1185 9082 2935 2184 1658
1186 9082 2938 2184 1658
1187 9082 2939 2212 1686
1188 9082 2941 2212 1686
1189 9082 2943 2212 1685
1190 9082 2944 2212 1685
1191 9082 2948 2212 1685
1192 9082 2949 2212 1685
1193 9082 2953 2212 1685
1194 9082 2955 2212 1684
1195 9082 2957 2212 1684
1196 9082 2960 2212 1684
1197 9082 2961 2212 1684
1198 9082 2963 2212 1684
1199 9082 2964 2212 1684
1200 9082 2969 2212 1683
1201 9082 2970 2212 1683
1202 9082 2974 2240 1710
1203 9082 2974 2240 1710
1204 9082 2978 2240 1710
1205 9082 2978 2240 1710
1206 9082 2982 2240 1710
1207 9082 2984 2240 1710
1208 9082 2990 2240 1709
1209 9082 2990 2240 1709
1210 9082 2996 2240 1709
1211 9082 2997 2240 1709
1212 9082 3000 2240 1709
1213 9082 3002 2240 1709
1214 9082 3006 2240 1708
1215 9082 3012 2240 1708
1216 9082 3013 2240 1708
1217 9082 3015 2268 1735
1218 9082 3020 2268 1735
1219 9082 3021 2268 1735
1220 9082 3024 2268 1735
1221 9082 3024 2268 1735
1222 9082 3026 2268 1733
1223 9082 3030 2268 1732
1224 9082 3031 2268 1732
1225 9082 3034 2268 1732
1226 9082 3034 2268 1732
1227 9082 3037 2268 1729
1228 9082 3041 2268 1729
1229 9082 3041 2268 1729
1230 9082 3044 2268 1728
1231 9082 3046 2268 1728
1232 9082 3047 2296 1755
1233 9082 3051 2296 1754
1234 9082 3052 2296 1754
1235 9082 3055 2296 1753
1236 9082 3057 2296 1753
1237 9082 3060 2296 1752
1238 9082 3062 2296 1752
1239 9082 3065 2296 1752
1240 9082 3067 2296 1752
1241 9082 3069 2296 1752
1242 9082 3071 2296 1752
1243 9082 3074 2296 1752
1244 9082 3076 2296 1752
1245 9082 3078 2296 1752
1246 9082 3081 2296 1752
1247 9082 3086 2324 1780
1248 9082 3087 2324 1780
1249 9082 3092 2324 1780
1250 9082 3093 2324 1780
1251 9082 3097 2324 1780
1252 9082 3097 2324 1780
1253 9082 3100 2324 1780
1254 9082 3101 2324 1780
1255 9082 3103 2324 1780
1256 9082 3104 2324 1780
1257 9082 3107 2324 1780
1258 9082 3107 2324 1780
1259 9082 3110 2324 1780
1260 9082 3114 2324 1780
1261 9082 3114 2324 1780
1262 9082 3116 2352 1808
1263 9082 3118 2352 1808
1264 9082 3118 2352 1808
1265 9082 3121 2352 1808
1266 9082 3123 2352 1808
1267 9082 3124 2352 1808
1268 9082 3126 2352 1808
1269 9082 3128 2352 1808
1270 9082 3129 2352 1808
1271 9082 3132 2352 1808
1272 9082 3134 2352 1808
1273 9082 3134 2352 1808
1274 9082 3137 2352 1808
1275 9082 3139 2352 1808
1276 9082 3140 2352 1808
1277 9082 3142 2380 1836
1278 9082 3145 2380 1835
1279 9082 3146 2380 1835
1280 9082 3149 2380 1835
1281 9082 3151 2380 1835
1282 9082 3151 2380 1835
1283 9082 3155 2380 1834
1284 9082 3157 2380 1834
1285 9082 3158 2380 1834
1286 9082 3161 2380 1833
1287 9082 3163 2380 1833
1288 9082 3164 2380 1833
1289 9082 3167 2380 1833
1290 9082 3169 2380 1833
1291 9082 3169 2380 1833
1292 9082 3172 2408 1861
1293 9082 3173 2408 1860
1294 9082 3176 2408 1860
1295 9082 3178 2408 1859
1296 9082 3181 2408 1858
1297 9082 3185 2408 1856
1298 9082 3186 2408 1856
1299 9082 3190 2408 1855
1300 9082 3190 2408 1855
1301 9082 3194 2408 1854
1302 9082 3195 2408 1854
1303 9082 3196 2408 1854
1304 9082 3198 2408 1854
1305 9082 3198 2408 1854
1306 9082 3201 2408 1854
1307 9082 3202 2436 1881
1308 9082 3205 2436 1880
1309 9082 3207 2436 1880
1310 9082 3210 2436 1877
1311 9082 3214 2436 1877
1312 9082 3214 2436 1877
1313 9082 3217 2436 1876
1314 9082 3219 2436 1876
1315 9082 3221 2436 1874
1316 9082 3224 2436 1874
1317 9082 3224 2436 1874
1318 9082 3227 2436 1873
1319 9082 3228 2436 1873
1320 9082 3231 2436 1871
1321 9082 3235 2436 1870
1322 9082 3236 2464 1897
1323 9082 3240 2464 1896
1324 9082 3241 2464 1896
1325 9082 3242 2464 1896
1326 9082 3245 2464 1896
1327 9082 3247 2464 1894
1328 9082 3250 2464 1893
1329 9082 3251 2464 1893
1330 9082 3253 2464 1892
1331 9082 3255 2464 1892
1332 9082 3256 2464 1891
1333 9082 3260 2464 1889
1334 9082 3261 2464 1889
1335 9082 3264 2464 1888
1336 9082 3266 2464 1888
1337 9082 3267 2492 1915
1338 9082 3270 2492 1914
1339 9082 3271 2492 1914
1340 9082 3274 2492 1913
1341 9082 3277 2492 1912
1342 9082 3279 2492 1911
1343 9082 3282 2492 1910
1344 9082 3284 2492 1909
1345 9082 3286 2492 1909
1346 9082 3288 2492 1909
1347 9082 3290 2492 1908
1348 9082 3292 2492 1908
1349 9082 3294 2492 1907
1350 9082 3298 2492 1905
1351 9082 3300 2492 1905
1352 9082 3302 2520 1932
1353 9082 3305 2520 1931
1354 9082 3306 2520 1931
1355 9082 3309 2520 1930
1356 9082 3313 2520 1928
1357 9082 3313 2520 1928
1358 9082 3317 2520 1927
1359 9082 3318 2520 1927
1360 9082 3321 2520 1925
1361 9082 3325 2520 1924
1362 9082 3326 2520 1923
1363 9082 3330 2520 1922
1364 9082 3331 2520 1922
1365 9082 3333 2520 1921
1366 9082 3336 2520 1921
1367 9082 3337 2548 1948
1368 9082 3339 2548 1948
1369 9082 3340 2548 1948
1370 9082 3341 2548 1947
1371 9082 3344 2548 1947
1372 9082 3344 2548 1947
1373 9082 3348 2548 1944
1374 9082 3350 2548 1944
1375 9082 3350 2548 1944
1376 9082 3353 2548 1944
1377 9082 3357 2548 1944
1378 9082 3359 2548 1943
1379 9082 3361 2548 1943
1380 9082 3364 2548 1942
1381 9082 3367 2548 1942
1382 9082 3368 2576 1970
1383 9082 3372 2576 1968
1384 9082 3374 2576 1968
1385 9082 3377 2576 1966
1386 9082 3381 2576 1966
1387 9082 3381 2576 1966
1388 9082 3383 2576 1965
1389 9082 3386 2576 1965
1390 9082 3387 2576 1964
1391 9082 3391 2576 1963
1392 9082 3392 2576 1963
1393 9082 3395 2576 1961
1394 9082 3398 2576 1961
1395 9082 3398 2576 1961
1396 9082 3402 2576 1960
1397 9082 3403 2604 1988
1398 9082 3405 2604 1987
1399 9082 3408 2604 1987
1400 9082 3409 2604 1986
1401 9082 3412 2604 1986
1402 9082 3413 2604 1986
1403 9082 3416 2604 1984
1404 9082 3419 2604 1984
1405 9082 3420 2604 1983
1406 9082 3425 2604 1983
1407 9082 3425 2604 1983
1408 9082 3428 2604 1982
1409 9082 3430 2604 1982
1410 9082 3432 2604 1981
1411 9082 3436 2604 1981
1412 9082 3437 2632 2009
1413 9082 3440 2632 2008
1414 9082 3442 2632 2008
1415 9082 3444 2632 2008
1416 9082 3447 2632 2008
1417 9082 3448 2632 2008
1418 9082 3453 2632 2008
1419 9082 3454 2632 2008
1420 9082 3457 2632 2007
1421 9082 3459 2632 2007
1422 9082 3462 2632 2007
1423 9082 3467 2632 2007
1424 9082 3467 2632 2007
1425 9082 3474 2632 2007
1426 9082 3474 2632 2007
1427 9082 3478 2660 2035
1428 9082 3480 2660 2035
1429 9082 3486 2660 2034
1430 9082 3488 2660 2034
1431 9082 3493 2660 2033
1432 9082 3498 2660 2032
1433 9082 3502 2660 2032
1434 9082 3504 2660 2032
1435 9082 3509 2660 2031
1436 9082 3512 2660 2030
1437 9082 3514 2660 2030
1438 9082 3515 2660 2030
1439 9082 3517 2660 2030
1440 9082 3517 2660 2030
1441 9082 3520 2660 2029
1442 9082 3522 2688 2057
1443 9082 3523 2688 2057
1444 9082 3526 2688 2056
1445 9082 3528 2688 2055
1446 9082 3530 2688 2055
1447 9082 3532 2688 2055
1448 9082 3533 2688 2054
1449 9082 3536 2688 2053
1450 9082 3537 2688 2053
1451 9082 3540 2688 2052
1452 9082 3541 2688 2052
1453 9082 3543 2688 2051
1454 9082 3547 2688 2050
1455 9082 3549 2688 2050
1456 9082 3552 2688 2050
1457 9082 3553 2716 2078
1458 9082 3557 2716 2076
1459 9082 3560 2716 2076
1460 9082 3561 2716 2076
1461 9082 3564 2716 2076
1462 9082 3565 2716 2076
1463 9082 3566 2716 2076
1464 9082 3570 2716 2076
1465 9082 3570 2716 2076
1466 9082 3573 2716 2076
1467 9082 3573 2716 2076
1468 9082 3576 2716 2076
1469 9082 3577 2716 2076
1470 9082 3580 2716 2076
1471 9082 3583 2716 2076
1472 9082 3585 2744 2104
1473 9082 3587 2744 2104
1474 9082 3589 2744 2104
1475 9082 3591 2744 2104
1476 9082 3592 2744 2104
1477 9082 3594 2744 2104
1478 9082 3596 2744 2104
1479 9082 3598 2744 2104
1480 9082 3602 2744 2104
1481 9082 3603 2744 2104
1482 9082 3606 2744 2103
1483 9082 3609 2744 2102
1484 9082 3610 2744 2102
1485 9082 3611 2744 2102
1486 9082 3612 2744 2102
1487 9082 3613 2772 2130
1488 9082 3615 2772 2130
1489 9082 3617 2772 2129
1490 9082 3618 2772 2129
1491 9082 3620 2772 2129
1492 9082 3624 2772 2129
1493 9082 3627 2772 2128
1494 9082 3629 2772 2128
1495 9082 3631 2772 2127
1496 9082 3635 2772 2125
1497 9082 3638 2772 2125
1498 9082 3639 2772 2125
1499 9082 3641 2772 2124
1500 9082 3642 2772 2124
1501 9082 3645 2772 2123
1502 9082 3649 2800 2150
1503 9082 3650 2800 2150
1504 9082 3651 2800 2150
1505 9082 3654 2800 2149
1506 9082 3656 2800 2148
1507 9082 3658 2800 2148
1508 9082 3660 2800 2148
1509 9082 3661 2800 2148
1510 9082 3663 2800 2147
1511 9082 3666 2800 2147
1512 9082 3668 2800 2147
1513 9082 3669 2800 2147
1514 9082 3672 2800 2146
1515 9082 3674 2800 2146
1516 9082 3675 2800 2145
1517 9082 3678 2828 2172
1518 9082 3679 2828 2172
1519 9082 3682 2828 2171
1520 9082 3684 2828 2171
1521 9082 3685 2828 2170
1522 9082 3687 2828 2170
1523 9082 3688 2828 2170
1524 9082 3691 2828 2169
1525 9082 3693 2828 2168
1526 9082 3696 2828 2167
1527 9082 3699 2828 2167
1528 9082 3701 2828 2166
1529 9082 3703 2828 2166
1530 9082 3705 2828 2165
1531 9082 3708 2828 2165
1532 9082 3709 2856 2193
1533 9082 3711 2856 2192
1534 9082 3714 2856 2191
1535 9082 3716 2856 2190
1536 9082 3719 2856 2190
1537 9082 3720 2856 2190
1538 9082 3723 2856 2189
1539 9082 3726 2856 2188
1540 9082 3728 2856 2188
1541 9082 3732 2856 2188
1542 9082 3733 2856 2188
1543 9082 3736 2856 2188
1544 9082 3738 2856 2187
1545 9082 3740 2856 2186
1546 9082 3744 2856 2186
1547 9082 3745 2884 2214
1548 9082 3748 2884 2214
1549 9082 3749 2884 2214
1550 9082 3752 2884 2213
1551 9082 3756 2884 2213
1552 9082 3758 2884 2213
1553 9082 3760 2884 2213
1554 9082 3762 2884 2213
1555 9082 3763 2884 2212
1556 9082 3765 2884 2212
1557 9082 3766 2884 2212
1558 9082 3768 2884 2212
1559 9082 3771 2884 2212
1560 9082 3772 2884 2212
1561 9082 3774 2884 2212
1562 9082 3775 2912 2239
1563 9082 3777 2912 2239
1564 9082 3777 2912 2239
1565 9082 3783 2912 2238
1566 9082 3784 2912 2238
1567 9082 3789 2912 2238
1568 9082 3791 2912 2238
1569 9082 3795 2912 2237
1570 9082 3798 2912 2237
1571 9082 3802 2912 2237
1572 9082 3802 2912 2237
1573 9082 3807 2912 2236
1574 9082 3810 2912 2236
1575 9082 3812 2912 2236
1576 9082 3813 2912 2236
1577 9082 3815 2940 2263
1578 9082 3817 2940 2263
1579 9082 3818 2940 2263
1580 9082 3820 2940 2263
1581 9082 3820 2940 2263
1582 9082 3823 2940 2261
1583 9082 3825 2940 2261
1584 9082 3827 2940 2261
1585 9082 3828 2940 2261
1586 9082 3830 2940 2260
1587 9082 3833 2940 2259
1588 9082 3835 2940 2258
1589 9082 3837 2940 2258
1590 9082 3838 2940 2258
1591 9082 3839 2940 2257
1592 9082 3843 2968 2283
1593 9082 3845 2968 2283
1594 9082 3847 2968 2282
1595 9082 3850 2968 2282
1596 9082 3851 2968 2281
1597 9082 3853 2968 2281
1598 9082 3855 2968 2281
1599 9082 3857 2968 2280
1600 9082 3859 2968 2280
1601 9082 3859 2968 2280
1602 9082 3864 2968 2280
1603 9082 3864 2968 2280
1604 9082 3869 2968 2280
1605 9082 3871 2968 2280
1606 9082 3876 2968 2280
1607 9082 3878 2996 2308
1608 9082 3881 2996 2308
1609 9082 3884 2996 2308
1610 9082 3887 2996 2308
1611 9082 3891 2996 2308
1612 9082 3896 2996 2308
1613 9082 3897 2996 2308
1614 9082 3900 2996 2308
1615 9082 3901 2996 2308
1616 9082 3904 2996 2308
1617 9082 3906 2996 2308
1618 9082 3909 2996 2308
1619 9082 3910 2996 2308
1620 9082 3913 2996 2308
1621 9082 3913 2996 2308
1622 9082 3918 3024 2336
1623 9082 3918 3024 2336
1624 9082 3921 3024 2336
1625 9082 3923 3024 2335
1626 9082 3924 3024 2335
1627 9082 3927 3024 2335
1628 9082 3929 3024 2335
1629 9082 3931 3024 2335
1630 9082 3931 3024 2335
1631 9082 3934 3024 2335
1632 9082 3935 3024 2335
1633 9082 3939 3024 2334
1634 9082 3941 3024 2333
1635 9082 3942 3024 2333
1636 9082 3947 3024 2331
1637 9082 3949 3052 2359
1638 9082 3951 3052 2359
1639 9082 3952 3052 2358
1640 9082 3955 3052 2358
1641 9082 3957 3052 2357
1642 9082 3961 3052 2356
1643 9082 3962 3052 2356
1644 9082 3962 3052 2356
1645 9082 3965 3052 2356
1646 9082 3965 3052 2356
1647 9082 3968 3052 2356
1648 9082 3969 3052 2355
1649 9082 3972 3052 2353
1650 9082 3975 3052 2353
1651 9082 3976 3052 2352
1652 9082 3980 3080 2380
1653 9082 3980 3080 2380
1654 9082 3984 3080 2377
1655 9082 3987 3080 2377
1656 9082 3988 3080 2376
1657 9082 3992 3080 2376
1658 9082 3992 3080 2376
1659 9082 3995 3080 2374
1660 9082 3998 3080 2373
1661 9082 4000 3080 2372
1662 9082 4003 3080 2372
1663 9082 4004 3080 2372
1664 9082 4006 3080 2371
1665 9082 4009 3080 2370
1666 9082 4011 3080 2369
1667 9082 4014 3108 2397
1668 9082 4015 3108 2397
1669 9082 4018 3108 2395
1670 9082 4020 3108 2395
1671 9082 4022 3108 2394
1672 9082 4028 3108 2393
1673 9082 4028 3108 2393
1674 9082 4031 3108 2391
1675 9082 4034 3108 2391
1676 9082 4036 3108 2390
1677 9082 4039 3108 2390
1678 9082 4039 3108 2390
1679 9082 4042 3108 2388
1680 9082 4044 3108 2388
1681 9082 4045 3108 2387
1682 9082 4048 3136 2415
1683 9082 4048 3136 2415
1684 9082 4050 3136 2415
1685 9082 4052 3136 2415
1686 9082 4053 3136 2415
1687 9082 4057 3136 2415
1688 9082 4057 3136 2415
1689 9082 4060 3136 2412
1690 9082 4064 3136 2412
1691 9082 4064 3136 2412
1692 9082 4067 3136 2412
1693 9082 4067 3136 2412
1694 9082 4070 3136 2409
1695 9082 4074 3136 2408
1696 9082 4075 3136 2408
1697 9082 4078 3164 2436
1698 9082 4078 3164 2436
1699 9082 4081 3164 2433
1700 9082 4085 3164 2433
1701 9082 4085 3164 2433
1702 9082 4089 3164 2432
1703 9082 4090 3164 2432
1704 9082 4090 3164 2432
1705 9082 4094 3164 2432
1706 9082 4094 3164 2432
1707 9082 4097 3164 2431
1708 9082 4098 3164 2431
1709 9082 4101 3164 2430
1710 9082 4103 3164 2430
1711 9082 4107 3164 2430
1712 9082 4108 3192 2458
1713 9082 4111 3192 2458
1714 9082 4114 3192 2457
1715 9082 4119 3192 2457
1716 9082 4120 3192 2457
1717 9082 4125 3192 2457
1718 9082 4126 3192 2457
1719 9082 4132 3192 2456
1720 9082 4133 3192 2456
1721 9082 4138 3192 2456
1722 9082 4140 3192 2456
1723 9082 4145 3192 2455
1724 9082 4146 3192 2455
1725 9082 4149 3192 2455
1726 9082 4151 3192 2454
1727 9082 4154 3220 2482
1728 9082 4155 3220 2481
1729 9082 4158 3220 2481
1730 9082 4159 3220 2481
1731 9082 4161 3220 2481
1732 9082 4165 3220 2481
1733 9082 4165 3220 2481
1734 9082 4170 3220 2480
1735 9082 4173 3220 2480
1736 9082 4176 3220 2480
1737 9082 4176 3220 2480
1738 9082 4182 3220 2478
1739 9082 4187 3220 2478
1740 9082 4188 3220 2478
1741 9082 4191 3220 2477
1742 9082 4193 3248 2505
1743 9082 4195 3248 2504
1744 9082 4198 3248 2504
1745 9082 4199 3248 2504
1746 9082 4202 3248 2502
1747 9082 4204 3248 2502
1748 9082 4206 3248 2501
1749 9082 4209 3248 2501
1750 9082 4209 3248 2501
1751 9082 4212 3248 2500
1752 9082 4214 3248 2500
1753 9082 4215 3248 2499
1754 9082 4219 3248 2499
1755 9082 4219 3248 2499
1756 9082 4222 3248 2498
1757 9082 4225 3276 2526
1758 9082 4226 3276 2525
1759 9082 4232 3276 2525
1760 9082 4232 3276 2525
1761 9082 4234 3276 2525
1762 9082 4237 3276 2525
1763 9082 4238 3276 2524
1764 9082 4242 3276 2524
1765 9082 4242 3276 2524
1766 9082 4247 3276 2524
1767 9082 4248 3276 2524
1768 9082 4252 3276 2524
1769 9082 4253 3276 2524
1770 9082 4256 3276 2524
1771 9082 4258 3276 2524
1772 9082 4259 3304 2552
1773 9082 4262 3304 2552
1774 9082 4262 3304 2552
1775 9082 4265 3304 2552
1776 9082 4267 3304 2551
1777 9082 4267 3304 2551
1778 9082 4268 3304 2551
1779 9082 4269 3304 2551
1780 9082 4272 3304 2551
1781 9082 4273 3304 2551
1782 9082 4276 3304 2551
1783 9082 4278 3304 2551
1784 9082 4281 3304 2551
1785 9082 4283 3304 2551
1786 9082 4285 3304 2551
1787 9082 4288 3332 2578
1788 9082 4292 3332 2577
1789 9082 4294 3332 2577
1790 9082 4296 3332 2576
1791 9082 4299 3332 2576
1792 9082 4300 3332 2576
1793 9082 4304 3332 2574
1794 9082 4307 3332 2573
1795 9082 4308 3332 2573
1796 9082 4310 3332 2572
1797 9082 4314 3332 2571
1798 9082 4315 3332 2571
1799 9082 4316 3332 2571
1800 9082 4318 3332 2570
1801 9082 4319 3332 2570
1802 9082 4322 3360 2598
1803 9082 4324 3360 2597
1804 9082 4326 3360 2597
1805 9082 4327 3360 2597
1806 9082 4331 3360 2595
1807 9082 4334 3360 2595
1808 9082 4334 3360 2595
1809 9082 4338 3360 2594
1810 9082 4339 3360 2594
1811 9082 4341 3360 2592
1812 9082 4344 3360 2592
1813 9082 4344 3360 2592
1814 9082 4346 3360 2591
1815 9082 4349 3360 2591
1816 9082 4350 3360 2590
1817 9082 4353 3388 2617
1818 9082 4355 3388 2617
1819 9082 4357 3388 2616
1820 9082 4359 3388 2616
1821 9082 4359 3388 2616
1822 9082 4362 3388 2615
1823 9082 4363 3388 2615
1824 9082 4364 3388 2615
1825 9082 4366 3388 2615
1826 9082 4368 3388 2614
1827 9082 4371 3388 2614
1828 9082 4372 3388 2614
1829 9082 4375 3388 2613
1830 9082 4377 3388 2613
1831 9082 4378 3388 2612
1832 9082 4381 3416 2640
1833 9082 4381 3416 2640
1834 9082 4385 3416 2638
1835 9082 4388 3416 2638
1836 9082 4390 3416 2637
1837 9082 4392 3416 2637
1838 9082 4393 3416 2637
1839 9082 4395 3416 2636
1840 9082 4398 3416 2636
1841 9082 4398 3416 2636
1842 9082 4402 3416 2635
1843 9082 4405 3416 2635
1844 9082 4407 3416 2635
1845 9082 4409 3416 2635
1846 9082 4411 3416 2634
1847 9082 4413 3444 2662
1848 9082 4416 3444 2662
1849 9082 4417 3444 2662
1850 9082 4419 3444 2662
1851 9082 4421 3444 2661
1852 9082 4424 3444 2661
1853 9082 4426 3444 2661
1854 9082 4430 3444 2661
1855 9082 4431 3444 2661
1856 9082 4432 3444 2660
1857 9082 4436 3444 2660
1858 9082 4436 3444 2660
1859 9082 4440 3444 2660
1860 9082 4440 3444 2660
1861 9082 4443 3444 2660
1862 9082 4445 3472 2688
1863 9082 4448 3472 2687
1864 9082 4449 3472 2687
1865 9082 4450 3472 2687
1866 9082 4452 3472 2687
1867 9082 4453 3472 2687
1868 9082 4456 3472 2687
1869 9082 4457 3472 2686
1870 9082 4460 3472 2686
1871 9082 4461 3472 2686
1872 9082 4463 3472 2685
1873 9082 4464 3472 2685
1874 9082 4465 3472 2685
1875 9082 4466 3472 2685
1876 9082 4469 3472 2684
1877 9082 4472 3500 2712
1878 9082 4473 3500 2712
1879 9082 4476 3500 2711
1880 9082 4478 3500 2711
1881 9082 4479 3500 2710
1882 9082 4482 3500 2710
1883 9082 4485 3500 2710
1884 9082 4489 3500 2709
1885 9082 4491 3500 2709
1886 9082 4495 3500 2708
1887 9082 4498 3500 2707
1888 9082 4501 3500 2707
1889 9082 4502 3500 2706
1890 9082 4504 3500 2706
1891 9082 4505 3500 2706
1892 9082 4506 3528 2734
1893 9082 4509 3528 2734
1894 9082 4509 3528 2734
1895 9082 4512 3528 2734
1896 9082 4513 3528 2734
1897 9082 4517 3528 2733
1898 9082 4519 3528 2733
1899 9082 4523 3528 2733
1900 9082 4525 3528 2732
1901 9082 4528 3528 2732
1902 9082 4530 3528 2731
1903 9082 4534 3528 2731
1904 9082 4534 3528 2731
1905 9082 4538 3528 2730
1906 9082 4540 3528 2730
1907 9082 4543 3556 2757
1908 9082 4546 3556 2757
1909 9082 4547 3556 2757
1910 9082 4551 3556 2756
1911 9082 4552 3556 2756
1912 9082 4552 3556 2756
1913 9082 4555 3556 2756
1914 9082 4556 3556 2756
1915 9082 4559 3556 2756
1916 9082 4560 3556 2756
1917 9082 4562 3556 2756
1918 9082 4564 3556 2756
1919 9082 4568 3556 2756
1920 9082 4569 3556 2756
1921 9082 4573 3556 2756
1922 9082 4574 3584 2784
1923 9082 4577 3584 2784
1924 9082 4580 3584 2784
1925 9082 4582 3584 2784
1926 9082 4584 3584 2784
1927 9082 4587 3584 2784
1928 9082 4589 3584 2784
1929 9082 4591 3584 2784
1930 9082 4597 3584 2784
1931 9082 4599 3584 2784
1932 9082 4601 3584 2784
1933 9082 4602 3584 2784
1934 9082 4603 3584 2784
1935 9082 4605 3584 2784
1936 9082 4607 3584 2784
1937 9082 4607 3612 2812
1938 9082 4609 3612 2812
1939 9082 4612 3612 2811
1940 9082 4615 3612 2811
1941 9082 4615 3612 2811
1942 9082 4617 3612 2811
1943 9082 4619 3612 2811
1944 9082 4621 3612 2811
1945 9082 4624 3612 2810
1946 9082 4625 3612 2810
1947 9082 4628 3612 2809
1948 9082 4629 3612 2809
1949 9082 4632 3612 2809
1950 9082 4632 3612 2809
1951 9082 4634 3612 2809
1952 9082 4636 3640 2836
1953 9082 4639 3640 2836
1954 9082 4640 3640 2836
1955 9082 4641 3640 2835
1956 9082 4645 3640 2834
1957 9082 4647 3640 2834
1958 9082 4649 3640 2833
1959 9082 4652 3640 2832
1960 9082 4653 3640 2832
1961 9082 4656 3640 2831
1962 9082 4660 3640 2830
1963 9082 4662 3640 2828
1964 9082 4664 3640 2828
1965 9082 4666 3640 2828
1966 9082 4667 3640 2827
1967 9082 4670 3668 2855
1968 9082 4671 3668 2854
1969 9082 4673 3668 2852
1970 9082 4675 3668 2852
1971 9082 4675 3668 2852
1972 9082 4678 3668 2852
1973 9082 4678 3668 2852
1974 9082 4681 3668 2850
1975 9082 4683 3668 2850
1976 9082 4683 3668 2850
1977 9082 4686 3668 2850
1978 9082 4686 3668 2850
1979 9082 4689 3668 2848
1980 9082 4692 3668 2847
1981 9082 4693 3668 2846
1982 9082 4697 3696 2874
1983 9082 4697 3696 2874
1984 9082 4700 3696 2873
1985 9082 4702 3696 2873
1986 9082 4704 3696 2871
1987 9082 4708 3696 2871
1988 9082 4708 3696 2871
1989 9082 4711 3696 2870
1990 9082 4713 3696 2870
1991 9082 4717 3696 2866
1992 9082 4721 3696 2866
1993 9082 4721 3696 2866
1994 9082 4724 3696 2865
1995 9082 4726 3696 2864
1996 9082 4728 3696 2863
1997 9082 4731 3724 2891
1998 9082 4732 3724 2891
1999 9082 4734 3724 2890
2000 9082 4737 3724 2889
2001 9082 4739 3724 2888
2002 9082 4742 3724 2887
2003 9082 4744 3724 2887
2004 9082 4746 3724 2886
2005 9082 4749 3724 2885
2006 9082 4751 3724 2884
2007 9082 4754 3724 2883
2008 9082 4756 3724 2883
2009 9082 4758 3724 2882
2010 9082 4760 3724 2882
2011 9082 4762 3724 2881
2012 9082 4768 3752 2907
2013 9082 4769 3752 2907
2014 9082 4771 3752 2906
2015 9082 4775 3752 2906
2016 9082 4776 3752 2905
2017 9082 4778 3752 2905
2018 9082 4779 3752 2905
2019 9082 4781 3752 2904
2020 9082 4783 3752 2904
2021 9082 4785 3752 2903
2022 9082 4788 3752 2902
2023 9082 4789 3752 2902
2024 9082 4790 3752 2902
2025 9082 4792 3752 2902
2026 9082 4793 3752 2902
2027 9082 4797 3780 2929
2028 9082 4798 3780 2929
2029 9082 4801 3780 2927
2030 9082 4805 3780 2927
2031 9082 4805 3780 2927
2032 9082 4808 3780 2926
2033 9082 4809 3780 2926
2034 9082 4811 3780 2924
2035 9082 4816 3780 2923
2036 9082 4817 3780 2923
2037 9082 4819 3780 2923
2038 9082 4820 3780 2923
2039 9082 4822 3780 2921
2040 9082 4826 3780 2920
2041 9082 4827 3780 2920
2042 9082 4830 3808 2948
2043 9082 4831 3808 2948
2044 9082 4833 3808 2948
2045 9082 4836 3808 2947
2046 9082 4839 3808 2947
2047 9082 4841 3808 2947
2048 9082 4843 3808 2947
2049 9082 4846 3808 2946
2050 9082 4848 3808 2946
2051 9082 4851 3808 2946
2052 9082 4854 3808 2946
2053 9082 4856 3808 2946
2054 9082 4858 3808 2945
2055 9082 4860 3808 2945
2056 9082 4864 3808 2945
2057 9082 4865 3836 2973
2058 9082 4870 3836 2973
2059 9082 4870 3836 2973
2060 9082 4874 3836 2972
2061 9082 4876 3836 2972
2062 9082 4879 3836 2971
2063 9082 4883 3836 2971
2064 9082 4884 3836 2971
2065 9082 4885 3836 2971
2066 9082 4888 3836 2971
2067 9082 4888 3836 2971
2068 9082 4893 3836 2970
2069 9082 4893 3836 2970
2070 9082 4896 3836 2970
2071 9082 4898 3836 2969
2072 9082 4901 3864 2997
2073 9082 4905 3864 2997
2074 9082 4906 3864 2997
2075 9082 4908 3864 2997
2076 9082 4911 3864 2997
2077 9082 4911 3864 2997
2078 9082 4918 3864 2995
2079 9082 4923 3864 2994
2080 9082 4924 3864 2994
2081 9082 4925 3864 2994
2082 9082 4926 3864 2993
2083 9082 4929 3864 2992
2084 9082 4931 3864 2992
2085 9082 4934 3864 2992
2086 9082 4936 3864 2991
2087 9082 4938 3892 3018
2088 9082 4941 3892 3017
2089 9082 4943 3892 3017
2090 9082 4945 3892 3017
2091 9082 4947 3892 3016
2092 9082 4950 3892 3014
2093 9082 4952 3892 3014
2094 9082 4954 3892 3014
2095 9082 4956 3892 3014
2096 9082 4957 3892 3014
2097 9082 4959 3892 3013
2098 9082 4963 3892 3013
2099 9082 4964 3892 3013
2100 9082 4967 3892 3013
2101 9082 4969 3892 3013
2102 9082 4972 3920 3040
2103 9082 4976 3920 3040
2104 9082 4978 3920 3040
2105 9082 4981 3920 3040
2106 9082 4983 3920 3040
2107 9082 4984 3920 3040
2108 9082 4988 3920 3040
2109 9082 4989 3920 3040
2110 9082 4992 3920 3040
2111 9082 4993 3920 3040
2112 9082 4999 3920 3040
2113 9082 5000 3920 3040
2114 9082 5007 3920 3040
2115 9082 5009 3920 3040
2116 9082 5012 3920 3040
2117 9082 5013 3948 3068
2118 9082 5016 3948 3068
2119 9082 5017 3948 3068
2120 9082 5020 3948 3068
2121 9082 5022 3948 3067
2122 9082 5025 3948 3067
2123 9082 5029 3948 3065
2124 9082 5034 3948 3064
2125 9082 5037 3948 3063
2126 9082 5037 3948 3063
2127 9082 5040 3948 3063
2128 9082 5040 3948 3063
2129 9082 5043 3948 3063
2130 9082 5044 3948 3063
2131 9082 5045 3948 3063
2132 9082 5049 3976 3090
2133 9082 5049 3976 3090
2134 9082 5052 3976 3089
2135 9082 5056 3976 3088
2136 9082 5057 3976 3087
2137 9082 5060 3976 3086
2138 9082 5061 3976 3086
2139 9082 5062 3976 3085
2140 9082 5066 3976 3085
2141 9082 5067 3976 3085
2142 9082 5070 3976 3084
2143 9082 5072 3976 3084
2144 9082 5075 3976 3082
2145 9082 5078 3976 3082
2146 9082 5078 3976 3082
2147 9082 5081 4004 3109
2148 9082 5082 4004 3109
2149 9082 5083 4004 3108
2150 9082 5087 4004 3108
2151 9082 5087 4004 3108
2152 9082 5090 4004 3107
2153 9082 5093 4004 3107
2154 9082 5094 4004 3106
2155 9082 5098 4004 3105
2156 9082 5099 4004 3105
2157 9082 5101 4004 3105
2158 9082 5101 4004 3105
2159 9082 5104 4004 3103
2160 9082 5107 4004 3102
2161 9082 5109 4004 3101
2162 9082 5112 4032 3129
2163 9082 5112 4032 3129
2164 9082 5115 4032 3128
2165 9082 5116 4032 3128
2166 9082 5119 4032 3125
2167 9082 5123 4032 3125
2168 9082 5123 4032 3125
2169 9082 5126 4032 3125
2170 9082 5127 4032 3125
2171 9082 5129 4032 3123
2172 9082 5133 4032 3123
2173 9082 5133 4032 3123
2174 9082 5137 4032 3123
2175 9082 5137 4032 3123
2176 9082 5139 4032 3122
2177 9082 5142 4060 3150
2178 9082 5142 4060 3150
2179 9082 5146 4060 3150
2180 9082 5146 4060 3150
2181 9082 5151 4060 3149
2182 9082 5152 4060 3149
2183 9082 5156 4060 3149
2184 9082 5158 4060 3149
2185 9082 5159 4060 3149
2186 9082 5162 4060 3148
2187 9082 5163 4060 3148
2188 9082 5165 4060 3148
2189 9082 5166 4060 3148
2190 9082 5169 4060 3148
2191 9082 5169 4060 3148
2192 9082 5172 4088 3176
2193 9082 5175 4088 3175
2194 9082 5176 4088 3175
2195 9082 5176 4088 3175
2196 9082 5179 4088 3175
2197 9082 5179 4088 3175
2198 9082 5183 4088 3175
2199 9082 5185 4088 3175
2200 9082 5186 4088 3175
2201 9082 5189 4088 3175
2202 9082 5191 4088 3175
2203 9082 5194 4088 3175
2204 9082 5195 4088 3175
2205 9082 5201 4088 3173
2206 9082 5204 4088 3173
2207 9082 5209 4116 3200
2208 9082 5212 4116 3200
2209 9082 5215 4116 3200
2210 9082 5217 4116 3199
2211 9082 5221 4116 3199
2212 9082 5221 4116 3199
2213 9082 5225 4116 3198
2214 9082 5228 4116 3198
2215 9082 5228 4116 3198
2216 9082 5231 4116 3197
2217 9082 5233 4116 3197
2218 9082 5233 4116 3197
2219 9082 5236 4116 3197
2220 9082 5236 4116 3197
2221 9082 5237 4116 3196
2222 9082 5240 4144 3224
2223 9082 5240 4144 3224
2224 9082 5243 4144 3224
2225 9082 5243 4144 3224
2226 9082 5246 4144 3222
2227 9082 5249 4144 3222
2228 9082 5251 4144 3222
2229 9082 5254 4144 3221
2230 9082 5257 4144 3221
2231 9082 5259 4144 3219
2232 9082 5264 4144 3219
2233 9082 5265 4144 3219
2234 9082 5268 4144 3218
2235 9082 5270 4144 3218
2236 9082 5272 4144 3217
2237 9082 5275 4172 3245
2238 9082 5277 4172 3245
2239 9082 5279 4172 3244
2240 9082 5283 4172 3244
2241 9082 5284 4172 3244
2242 9082 5288 4172 3244
2243 9082 5288 4172 3244
2244 9082 5291 4172 3244
2245 9082 5292 4172 3244
2246 9082 5293 4172 3244
2247 9082 5294 4172 3244
2248 9082 5297 4172 3244
2249 9082 5299 4172 3244
2250 9082 5299 4172 3244
2251 9082 5303 4172 3244
2252 9082 5304 4200 3272
2253 9082 5305 4200 3272
2254 9082 5306 4200 3272
2255 9082 5307 4200 3272
2256 9082 5308 4200 3272
2257 9082 5309 4200 3272
2258 9082 5312 4200 3272
2259 9082 5313 4200 3272
2260 9082 5316 4200 3272
2261 9082 5317 4200 3272
2262 9082 5319 4200 3272
2263 9082 5320 4200 3272
2264 9082 5321 4200 3272
2265 9082 5323 4200 3272
2266 9082 5325 4200 3272
2267 9082 5327 4228 3300
2268 9082 5328 4228 3300
2269 9082 5332 4228 3299
2270 9082 5332 4228 3299
2271 9082 5335 4228 3299
2272 9082 5337 4228 3298
2273 9082 5339 4228 3298
2274 9082 5342 4228 3297
2275 9082 5344 4228 3297
2276 9082 5347 4228 3296
2277 9082 5348 4228 3296
2278 9082 5351 4228 3296
2279 9082 5351 4228 3296
2280 9082 5355 4228 3295
2281 9082 5357 4228 3294
2282 9082 5359 4256 3322
2283 9082 5363 4256 3320
2284 9082 5364 4256 3320
2285 9082 5367 4256 3320
2286 9082 5367 4256 3320
2287 9082 5371 4256 3319
2288 9082 5372 4256 3319
2289 9082 5374 4256 3318
2290 9082 5378 4256 3317
2291 9082 5378 4256 3317
2292 9082 5382 4256 3316
2293 9082 5383 4256 3316
2294 9082 5385 4256 3315
2295 9082 5388 4256 3314
2296 9082 5390 4256 3313
2297 9082 5393 4284 3340
2298 9082 5395 4284 3340
2299 9082 5397 4284 3339
2300 9082 5401 4284 3337
2301 9082 5403 4284 3336
2302 9082 5405 4284 3336
2303 9082 5407 4284 3336
2304 9082 5408 4284 3336
2305 9082 5411 4284 3335
2306 9082 5414 4284 3333
2307 9082 5417 4284 3332
2308 9082 5419 4284 3332
2309 9082 5421 4284 3331
2310 9082 5423 4284 3331
2311 9082 5424 4284 3331
2312 9082 5428 4312 3358
2313 9082 5431 4312 3357
2314 9082 5433 4312 3356
2315 9082 5435 4312 3356
2316 9082 5438 4312 3355
2317 9082 5440 4312 3355
2318 9082 5442 4312 3354
2319 9082 5445 4312 3353
2320 9082 5446 4312 3353
2321 9082 5448 4312 3352
2322 9082 5450 4312 3352
2323 9082 5451 4312 3352
2324 9082 5453 4312 3352
2325 9082 5454 4312 3352
2326 9082 5456 4312 3351
2327 9082 5458 4340 3379
2328 9082 5461 4340 3378
2329 9082 5463 4340 3377
2330 9082 5466 4340 3376
2331 9082 5469 4340 3376
2332 9082 5469 4340 3376
2333 9082 5472 4340 3376
2334 9082 5472 4340 3376
2335 9082 5475 4340 3374
2336 9082 5478 4340 3373
2337 9082 5480 4340 3372
2338 9082 5483 4340 3372
2339 9082 5483 4340 3372
2340 9082 5486 4340 3370
2341 9082 5488 4340 3370
2342 9082 5490 4368 3397
2343 9082 5493 4368 3397
2344 9082 5494 4368 3396
2345 9082 5496 4368 3396
2346 9082 5498 4368 3396
2347 9082 5500 4368 3395
2348 9082 5503 4368 3395
2349 9082 5503 4368 3395
2350 9082 5507 4368 3394
2351 9082 5509 4368 3394
2352 9082 5510 4368 3394
2353 9082 5514 4368 3394
2354 9082 5515 4368 3394
2355 9082 5517 4368 3393
2356 9082 5520 4368 3393
2357 9082 5523 4396 3421
2358 9082 5525 4396 3421
2359 9082 5528 4396 3421
2360 9082 5531 4396 3420
2361 9082 5534 4396 3420
2362 9082 5535 4396 3420
2363 9082 5541 4396 3420
2364 9082 5543 4396 3420
2365 9082 5546 4396 3420
2366 9082 5550 4396 3420
2367 9082 5551 4396 3419
2368 9082 5556 4396 3418
2369 9082 5556 4396 3418
2370 9082 5560 4396 3418
2371 9082 5560 4396 3418
2372 9082 5565 4424 3446
2373 9082 5565 4424 3446
2374 9082 5570 4424 3445
2375 9082 5575 4424 3445
2376 9082 5576 4424 3445
2377 9082 5577 4424 3445
2378 9082 5581 4424 3445
2379 9082 5582 4424 3445
2380 9082 5586 4424 3444
2381 9082 5589 4424 3443
2382 9082 5594 4424 3442
2383 9082 5597 4424 3442
2384 9082 5597 4424 3442
2385 9082 5599 4424 3441
2386 9082 5601 4424 3441
2387 9082 5603 4452 3468
2388 9082 5605 4452 3468
2389 9082 5607 4452 3467
2390 9082 5609 4452 3467
2391 9082 5611 4452 3466
2392 9082 5614 4452 3465
2393 9082 5616 4452 3465
2394 9082 5618 4452 3464
2395 9082 5621 4452 3463
2396 9082 5622 4452 3463
2397 9082 5625 4452 3462
2398 9082 5627 4452 3462
2399 9082 5627 4452 3462
2400 9082 5631 4452 3461
2401 9082 5632 4452 3461
2402 9082 5635 4480 3489
2403 9082 5637 4480 3489
2404 9082 5641 4480 3489
2405 9082 5643 4480 3488
2406 9082 5647 4480 3488
2407 9082 5650 4480 3488
2408 9082 5652 4480 3488
2409 9082 5655 4480 3488
2410 9082 5658 4480 3488
2411 9082 5659 4480 3488
2412 9082 5663 4480 3488
2413 9082 5664 4480 3488
2414 9082 5669 4480 3488
2415 9082 5672 4480 3488
2416 9082 5674 4480 3488
2417 9082 5677 4508 3516
2418 9082 5681 4508 3516
2419 9082 5682 4508 3516
2420 9082 5687 4508 3516
2421 9082 5687 4508 3516
2422 9082 5691 4508 3516
2423 9082 5693 4508 3515
2424 9082 5698 4508 3515
2425 9082 5702 4508 3513
2426 9082 5704 4508 3513
2427 9082 5708 4508 3511
2428 9082 5710 4508 3511
2429 9082 5712 4508 3511
2430 9082 5713 4508 3511
2431 9082 5716 4508 3510
2432 9082 5716 4536 3538
2433 9082 5720 4536 3537
2434 9082 5722 4536 3536
2435 9082 5724 4536 3536
2436 9082 5724 4536 3536
2437 9082 5727 4536 3535
2438 9082 5728 4536 3535
2439 9082 5731 4536 3534
2440 9082 5733 4536 3534
2441 9082 5734 4536 3534
2442 9082 5737 4536 3533
2443 9082 5742 4536 3532
2444 9082 5744 4536 3531
2445 9082 5746 4536 3531
2446 9082 5748 4536 3531
2447 9082 5749 4564 3558
2448 9082 5752 4564 3557
2449 9082 5754 4564 3557
2450 9082 5756 4564 3556
2451 9082 5758 4564 3556
2452 9082 5758 4564 3556
2453 9082 5761 4564 3555
2454 9082 5763 4564 3555
2455 9082 5765 4564 3555
2456 9082 5767 4564 3555
2457 9082 5770 4564 3553
2458 9082 5773 4564 3553
2459 9082 5774 4564 3553
2460 9082 5776 4564 3553
2461 9082 5777 4564 3553
2462 9082 5779 4592 3579
2463 9082 5784 4592 3577
2464 9082 5786 4592 3577
2465 9082 5788 4592 3577
2466 9082 5789 4592 3577
2467 9082 5791 4592 3575
2468 9082 5795 4592 3574
2469 9082 5796 4592 3574
2470 9082 5799 4592 3573
2471 9082 5801 4592 3573
2472 9082 5801 4592 3573
2473 9082 5805 4592 3572
2474 9082 5806 4592 3572
2475 9082 5809 4592 3571
2476 9082 5811 4592 3571
2477 9082 5814 4620 3598
2478 9082 5816 4620 3598
2479 9082 5819 4620 3598
2480 9082 5821 4620 3598
2481 9082 5823 4620 3598
2482 9082 5826 4620 3597
2483 9082 5829 4620 3597
2484 9082 5832 4620 3597
2485 9082 5835 4620 3597
2486 9082 5841 4620 3597
2487 9082 5844 4620 3597
2488 9082 5849 4620 3595
2489 9082 5851 4620 3595
2490 9082 5852 4620 3595
2491 9082 5856 4620 3595
2492 9082 5857 4648 3623
2493 9082 5859 4648 3623
2494 9082 5862 4648 3623
2495 9082 5863 4648 3623
2496 9082 5867 4648 3622
2497 9082 5870 4648 3622
2498 9082 5872 4648 3622
2499 9082 5875 4648 3620
2500 9082 5879 4648 3620
2501 9082 5882 4648 3620
2502 9082 5886 4648 3620
2503 9082 5886 4648 3620
2504 9082 5892 4648 3619
2505 9082 5894 4648 3619
2506 9082 5898 4648 3617
2507 9082 5903 4676 3645
2508 9082 5903 4676 3645
2509 9082 5906 4676 3644
2510 9082 5909 4676 3644
2511 9082 5910 4676 3643
2512 9082 5914 4676 3642
2513 9082 5915 4676 3642
2514 9082 5916 4676 3642
2515 9082 5918 4676 3642
2516 9082 5920 4676 3641
2517 9082 5922 4676 3641
2518 9082 5924 4676 3640
2519 9082 5928 4676 3640
2520 9082 5929 4676 3639
2521 9082 5932 4676 3639
2522 9082 5933 4704 3667
2523 9082 5935 4704 3666
2524 9082 5937 4704 3666
2525 9082 5938 4704 3665
2526 9082 5943 4704 3665
2527 9082 5943 4704 3665
2528 9082 5948 4704 3665
2529 9082 5949 4704 3665
2530 9082 5951 4704 3664
2531 9082 5954 4704 3664
2532 9082 5954 4704 3664
2533 9082 5958 4704 3664
2534 9082 5958 4704 3664
2535 9082 5963 4704 3664
2536 9082 5965 4704 3664
2537 9082 5967 4732 3692
2538 9082 5969 4732 3692
2539 9082 5973 4732 3692
2540 9082 5975 4732 3692
2541 9082 5978 4732 3692
2542 9082 5979 4732 3692
2543 9082 5984 4732 3692
2544 9082 5986 4732 3692
2545 9082 5991 4732 3692
2546 9082 5993 4732 3692
2547 9082 5994 4732 3692
2548 9082 5997 4732 3692
2549 9082 6000 4732 3692
2550 9082 6001 4732 3692
2551 9082 6004 4732 3692
2552 9082 6005 4760 3720
2553 9082 6008 4760 3720
2554 9082 6012 4760 3720
2555 9082 6013 4760 3720
2556 9082 6013 4760 3720
2557 9082 6016 4760 3720
2558 9082 6018 4760 3720
2559 9082 6020 4760 3720
2560 9082 6021 4760 3720
2561 9082 6022 4760 3720
2562 9082 6024 4760 3720
2563 9082 6028 4760 3720
2564 9082 6029 4760 3720
2565 9082 6029 4760 3720
2566 9082 6032 4760 3720
2567 9082 6034 4788 3748
2568 9082 6036 4788 3748
2569 9082 6037 4788 3748
2570 9082 6038 4788 3748
2571 9082 6040 4788 3748
2572 9082 6044 4788 3748
2573 9082 6045 4788 3748
2574 9082 6045 4788 3748
2575 9082 6048 4788 3748
2576 9082 6050 4788 3748
2577 9082 6052 4788 3748
2578 9082 6054 4788 3747
2579 9082 6055 4788 3747
2580 9082 6058 4788 3746
2581 9082 6062 4788 3746
2582 9082 6063 4816 3774
2583 9082 6063 4816 3774
2584 9082 6067 4816 3773
2585 9082 6068 4816 3773
2586 9082 6071 4816 3773
2587 9082 6071 4816 3773
2588 9082 6073 4816 3773
2589 9082 6075 4816 3772
2590 9082 6078 4816 3772
2591 9082 6080 4816 3771
2592 9082 6082 4816 3771
2593 9082 6083 4816 3771
2594 9082 6085 4816 3770
2595 9082 6087 4816 3770
2596 9082 6089 4816 3770
2597 9082 6090 4844 3798
2598 9082 6092 4844 3797
2599 9082 6095 4844 3796
2600 9082 6099 4844 3794
2601 9082 6102 4844 3793
2602 9082 6103 4844 3793
2603 9082 6105 4844 3793
2604 9082 6106 4844 3792
2605 9082 6109 4844 3791
2606 9082 6112 4844 3789
2607 9082 6113 4844 3789
2608 9082 6115 4844 3789
2609 9082 6117 4844 3787
2610 9082 6119 4844 3787
2611 9082 6120 4844 3787
2612 9082 6122 4872 3814
2613 9082 6125 4872 3814
2614 9082 6125 4872 3814
2615 9082 6128 4872 3812
2616 9082 6130 4872 3812
2617 9082 6131 4872 3811
2618 9082 6135 4872 3811
2619 9082 6135 4872 3811
2620 9082 6137 4872 3810
2621 9082 6139 4872 3810
2622 9082 6140 4872 3809
2623 9082 6145 4872 3807
2624 9082 6146 4872 3807
2625 9082 6149 4872 3805
2626 9082 6152 4872 3805
2627 9082 6152 4900 3833
2628 9082 6155 4900 3833
2629 9082 6158 4900 3831
2630 9082 6160 4900 3830
2631 9082 6164 4900 3829
2632 9082 6165 4900 3828
2633 9082 6169 4900 3827
2634 9082 6170 4900 3827
2635 9082 6173 4900 3825
2636 9082 6175 4900 3825
2637 9082 6177 4900 3824
2638 9082 6180 4900 3824
2639 9082 6181 4900 3823
2640 9082 6184 4900 3822
2641 9082 6186 4900 3822
2642 9082 6188 4928 3849
2643 9082 6191 4928 3848
2644 9082 6192 4928 3847
2645 9082 6195 4928 3846
2646 9082 6196 4928 3846
2647 9082 6197 4928 3846
2648 9082 6200 4928 3846
2649 9082 6202 4928 3844
2650 9082 6205 4928 3843
2651 9082 6207 4928 3842
2652 9082 6209 4928 3841
2653 9082 6212 4928 3841
2654 9082 6213 4928 3840
2655 9082 6217 4928 3839
2656 9082 6218 4928 3839
2657 9082 6221 4956 3865
2658 9082 6224 4956 3865
2659 9082 6225 4956 3864
2660 9082 6229 4956 3863
2661 9082 6230 4956 3863
2662 9082 6233 4956 3861
2663 9082 6237 4956 3860
2664 9082 6238 4956 3859
2665 9082 6242 4956 3858
2666 9082 6243 4956 3858
2667 9082 6244 4956 3858
2668 9082 6247 4956 3858
2669 9082 6249 4956 3856
2670 9082 6252 4956 3856
2671 9082 6253 4956 3856
2672 9082 6256 4984 3882
2673 9082 6259 4984 3882
2674 9082 6260 4984 3881
2675 9082 6264 4984 3880
2676 9082 6265 4984 3880
2677 9082 6268 4984 3878
2678 9082 6270 4984 3878
2679 9082 6272 4984 3877
2680 9082 6274 4984 3877
2681 9082 6276 4984 3876
2682 9082 6279 4984 3875
2683 9082 6282 4984 3873
2684 9082 6285 4984 3872
2685 9082 6287 4984 3872
2686 9082 6290 4984 3870
2687 9082 6292 5012 3898
2688 9082 6293 5012 3898
2689 9082 6296 5012 3897
2690 9082 6298 5012 3897
2691 9082 6301 5012 3897
2692 9082 6303 5012 3897
2693 9082 6305 5012 3896
2694 9082 6310 5012 3895
2695 9082 6311 5012 3895
2696 9082 6314 5012 3893
2697 9082 6317 5012 3893
2698 9082 6319 5012 3892
2699 9082 6321 5012 3892
2700 9082 6322 5012 3891
2701 9082 6326 5012 3889
2702 9082 6328 5040 3917
2703 9082 6330 5040 3917
2704 9082 6331 5040 3917
2705 9082 6333 5040 3915
2706 9082 6337 5040 3914
2707 9082 6338 5040 3914
2708 9082 6341 5040 3913
2709 9082 6343 5040 3913
2710 9082 6343 5040 3913
2711 9082 6346 5040 3913
2712 9082 6347 5040 3913
2713 9082 6349 5040 3913
2714 9082 6351 5040 3913
2715 9082 6353 5040 3911
2716 9082 6357 5040 3910
2717 9082 6358 5068 3938
2718 9082 6361 5068 3938
2719 9082 6361 5068 3938
2720 9082 6365 5068 3936
2721 9082 6367 5068 3936
2722 9082 6369 5068 3935
2723 9082 6373 5068 3935
2724 9082 6374 5068 3935
2725 9082 6377 5068 3933
2726 9082 6380 5068 3933
2727 9082 6382 5068 3932
2728 9082 6385 5068 3932
2729 9082 6387 5068 3932
2730 9082 6388 5068 3932
2731 9082 6391 5068 3932
2732 9082 6392 5096 3960
2733 9082 6394 5096 3960
2734 9082 6398 5096 3959
2735 9082 6402 5096 3959
2736 9082 6403 5096 3959
2737 9082 6408 5096 3959
2738 9082 6409 5096 3959
2739 9082 6414 5096 3959
2740 9082 6416 5096 3959
2741 9082 6419 5096 3959
2742 9082 6421 5096 3959
2743 9082 6423 5096 3959
2744 9082 6426 5096 3959
2745 9082 6430 5096 3958
2746 9082 6436 5096 3958
2747 9082 6438 5124 3986
2748 9082 6445 5124 3984
2749 9082 6450 5124 3983
2750 9082 6453 5124 3983
2751 9082 6454 5124 3983
2752 9082 6457 5124 3983
2753 9082 6458 5124 3983
2754 9082 6461 5124 3982
2755 9082 6463 5124 3982
2756 9082 6464 5124 3982
2757 9082 6466 5124 3982
2758 9082 6466 5124 3982
2759 9082 6469 5124 3981
2760 9082 6471 5124 3980
2761 9082 6474 5124 3978
2762 9082 6477 5152 4006
2763 9082 6478 5152 4006
2764 9082 6479 5152 4006
2765 9082 6481 5152 4005
2766 9082 6484 5152 4004
2767 9082 6486 5152 4004
2768 9082 6488 5152 4003
2769 9082 6492 5152 4003
2770 9082 6492 5152 4003
2771 9082 6497 5152 4001
2772 9082 6500 5152 4001
2773 9082 6501 5152 4000
2774 9082 6505 5152 4000
2775 9082 6505 5152 4000
2776 9082 6507 5152 4000
2777 9082 6509 5180 4028
2778 9082 6510 5180 4028
2779 9082 6513 5180 4028
2780 9082 6513 5180 4028
2781 9082 6518 5180 4028
2782 9082 6518 5180 4028
2783 9082 6525 5180 4028
2784 9082 6525 5180 4028
2785 9082 6528 5180 4028
2786 9082 6530 5180 4028
2787 9082 6530 5180 4028
2788 9082 6534 5180 4028
2789 9082 6534 5180 4028
2790 9082 6537 5180 4028
2791 9082 6539 5180 4028
2792 9082 6542 5208 4056
2793 9082 6544 5208 4056
2794 9082 6547 5208 4056
2795 9082 6551 5208 4055
2796 9082 6554 5208 4055
2797 9082 6555 5208 4055
2798 9082 6558 5208 4054
2799 9082 6560 5208 4054
2800 9082 6562 5208 4054
2801 9082 6565 5208 4053
2802 9082 6567 5208 4052
2803 9082 6570 5208 4051
2804 9082 6573 5208 4050
2805 9082 6577 5208 4049
2806 9082 6577 5208 4049
2807 9082 6579 5236 4077
2808 9082 6580 5236 4077
2809 9082 6581 5236 4077
2810 9082 6584 5236 4077
2811 9082 6585 5236 4076
2812 9082 6587 5236 4076
2813 9082 6588 5236 4076
2814 9082 6591 5236 4075
2815 9082 6594 5236 4075
2816 9082 6594 5236 4075
2817 9082 6597 5236 4072
2818 9082 6601 5236 4072
2819 9082 6601 5236 4072
2820 9082 6603 5236 4072
2821 9082 6603 5236 4072
2822 9082 6605 5264 4098
2823 9082 6609 5264 4098
2824 9082 6609 5264 4098
2825 9082 6612 5264 4097
2826 9082 6614 5264 4097
2827 9082 6616 5264 4095
2828 9082 6619 5264 4095
2829 9082 6619 5264 4095
2830 9082 6622 5264 4094
2831 9082 6623 5264 4094
2832 9082 6623 5264 4094
2833 9082 6626 5264 4094
2834 9082 6627 5264 4094
2835 9082 6629 5264 4094
2836 9082 6630 5264 4094
2837 9082 6633 5292 4121
2838 9082 6636 5292 4121
2839 9082 6637 5292 4120
2840 9082 6640 5292 4119
2841 9082 6641 5292 4119
2842 9082 6643 5292 4118
2843 9082 6647 5292 4117
2844 9082 6649 5292 4116
2845 9082 6652 5292 4115
2846 9082 6655 5292 4115
2847 9082 6657 5292 4114
2848 9082 6660 5292 4113
2849 9082 6661 5292 4113
2850 9082 6664 5292 4112
2851 9082 6666 5292 4112
2852 9082 6667 5320 4140
2853 9082 6670 5320 4139
2854 9082 6672 5320 4138
2855 9082 6674 5320 4138
2856 9082 6676 5320 4138
2857 9082 6678 5320 4138
2858 9082 6679 5320 4138
2859 9082 6681 5320 4137
2860 9082 6684 5320 4137
2861 9082 6684 5320 4137
2862 9082 6689 5320 4137
2863 9082 6689 5320 4137
2864 9082 6693 5320 4136
2865 9082 6695 5320 4136
2866 9082 6697 5320 4136
2867 9082 6700 5348 4164
2868 9082 6701 5348 4164
2869 9082 6703 5348 4164
2870 9082 6705 5348 4164
2871 9082 6708 5348 4164
2872 9082 6708 5348 4164
2873 9082 6715 5348 4163
2874 9082 6717 5348 4163
2875 9082 6720 5348 4163
2876 9082 6720 5348 4163
2877 9082 6725 5348 4163
2878 9082 6725 5348 4163
2879 9082 6729 5348 4162
2880 9082 6730 5348 4162
2881 9082 6730 5348 4162
2882 9082 6733 5376 4190
2883 9082 6734 5376 4190
2884 9082 6735 5376 4190
2885 9082 6737 5376 4190
2886 9082 6739 5376 4189
2887 9082 6741 5376 4189
2888 9082 6742 5376 4189
2889 9082 6745 5376 4188
2890 9082 6747 5376 4188
2891 9082 6750 5376 4187
2892 9082 6754 5376 4187
2893 9082 6756 5376 4187
2894 9082 6758 5376 4186
2895 9082 6763 5376 4186
2896 9082 6765 5376 4185
2897 9082 6769 5404 4212
2898 9082 6770 5404 4212
2899 9082 6771 5404 4211
2900 9082 6774 5404 4211
2901 9082 6774 5404 4211
2902 9082 6778 5404 4210
2903 9082 6779 5404 4210
2904 9082 6780 5404 4210
2905 9082 6783 5404 4210
2906 9082 6784 5404 4209
2907 9082 6787 5404 4209
2908 9082 6788 5404 4209
2909 9082 6791 5404 4208
2910 9082 6793 5404 4208
2911 9082 6795 5404 4207
2912 9082 6798 5432 4235
2913 9082 6800 5432 4235
2914 9082 6801 5432 4235
2915 9082 6804 5432 4234
2916 9082 6806 5432 4233
2917 9082 6809 5432 4233
2918 9082 6811 5432 4233
2919 9082 6813 5432 4233
2920 9082 6814 5432 4232
2921 9082 6817 5432 4232
2922 9082 6818 5432 4232
2923 9082 6822 5432 4232
2924 9082 6824 5432 4232
2925 9082 6827 5432 4232
2926 9082 6831 5432 4232
2927 9082 6832 5460 4260
2928 9082 6836 5460 4260
2929 9082 6837 5460 4260
2930 9082 6840 5460 4260
2931 9082 6842 5460 4260
2932 9082 6844 5460 4260
2933 9082 6846 5460 4260
2934 9082 6848 5460 4260
2935 9082 6851 5460 4260
2936 9082 6853 5460 4260
2937 9082 6855 5460 4260
2938 9082 6857 5460 4260
2939 9082 6861 5460 4260
2940 9082 6863 5460 4260
2941 9082 6866 5460 4260
2942 9082 6868 5488 4288
2943 9082 6871 5488 4288
2944 9082 6872 5488 4288
2945 9082 6875 5488 4287
2946 9082 6875 5488 4287
2947 9082 6877 5488 4287
2948 9082 6879 5488 4287
2949 9082 6881 5488 4287
2950 9082 6885 5488 4285
2951 9082 6886 5488 4285
2952 9082 6888 5488 4285
2953 9082 6890 5488 4284
2954 9082 6894 5488 4284
2955 9082 6894 5488 4284
2956 9082 6896 5488 4283
2957 9082 6900 5516 4310
2958 9082 6901 5516 4310
2959 9082 6904 5516 4310
2960 9082 6904 5516 4310
2961 9082 6907 5516 4309
2962 9082 6909 5516 4308
2963 9082 6913 5516 4306
2964 9082 6916 5516 4305
2965 9082 6916 5516 4305
2966 9082 6919 5516 4305
2967 9082 6919 5516 4305
2968 9082 6922 5516 4304
2969 9082 6925 5516 4303
2970 9082 6926 5516 4302
2971 9082 6930 5516 4301
2972 9082 6931 5544 4329
2973 9082 6934 5544 4328
2974 9082 6936 5544 4328
2975 9082 6938 5544 4326
2976 9082 6941 5544 4326
2977 9082 6942 5544 4326
2978 9082 6944 5544 4326
2979 9082 6945 5544 4326
2980 9082 6947 5544 4325
2981 9082 6951 5544 4323
2982 9082 6953 5544 4322
2983 9082 6956 5544 4321
2984 9082 6958 5544 4321
2985 9082 6959 5544 4321
2986 9082 6961 5544 4320
2987 9082 6965 5572 4346
2988 9082 6967 5572 4346
2989 9082 6969 5572 4345
2990 9082 6972 5572 4344
2991 9082 6973 5572 4344
2992 9082 6976 5572 4343
2993 9082 6981 5572 4342
2994 9082 6982 5572 4341
2995 9082 6985 5572 4340
2996 9082 6988 5572 4340
2997 9082 6989 5572 4340
2998 9082 6991 5572 4340
2999 9082 6991 5572 4340
3000 9082 6994 5572 4339
3001 9082 6995 5572 4339
3002 9082 6998 5600 4366
3003 9082 7000 5600 4366
3004 9082 7001 5600 4365
3005 9082 7003 5600 4365
3006 9082 7004 5600 4365
3007 9082 7007 5600 4364
3008 9082 7009 5600 4364
3009 9082 7010 5600 4363
3010 9082 7013 5600 4361
3011 9082 7017 5600 4361
3012 9082 7018 5600 4361
3013 9082 7020 5600 4361
3014 9082 7021 5600 4360
3015 9082 7024 5600 4358
3016 9082 7028 5600 4358
3017 9082 7029 5628 4386
3018 9082 7032 5628 4385
3019 9082 7033 5628 4385
3020 9082 7036 5628 4383
3021 9082 7039 5628 4383
3022 9082 7040 5628 4383
3023 9082 7042 5628 4383
3024 9082 7045 5628 4383
3025 9082 7045 5628 4383
3026 9082 7049 5628 4383
3027 9082 7050 5628 4383
3028 9082 7054 5628 4383
3029 9082 7054 5628 4383
3030 9082 7059 5628 4382
3031 9082 7061 5628 4382
3032 9082 7063 5656 4410
3033 9082 7066 5656 4410
3034 9082 7068 5656 4410
3035 9082 7071 5656 4409
3036 9082 7074 5656 4409
3037 9082 7076 5656 4409
3038 9082 7081 5656 4409
3039 9082 7082 5656 4409
3040 9082 7086 5656 4408
3041 9082 7092 5656 4407
3042 9082 7093 5656 4407
3043 9082 7096 5656 4407
3044 9082 7097 5656 4407
3045 9082 7098 5656 4407
3046 9082 7100 5656 4407
3047 9082 7103 5684 4434
3048 9082 7104 5684 4434
3049 9082 7105 5684 4434
3050 9082 7108 5684 4434
3051 9082 7109 5684 4433
3052 9082 7113 5684 4433
3053 9082 7116 5684 4433
3054 9082 7119 5684 4432
3055 9082 7121 5684 4432
3056 9082 7124 5684 4431
3057 9082 7126 5684 4430
3058 9082 7132 5684 4429
3059 9082 7135 5684 4429
3060 9082 7137 5684 4428
3061 9082 7139 5684 4428
3062 9082 7142 5712 4455
3063 9082 7143 5712 4455
3064 9082 7145 5712 4454
3065 9082 7148 5712 4454
3066 9082 7148 5712 4454
3067 9082 7151 5712 4452
3068 9082 7154 5712 4452
3069 9082 7155 5712 4452
3070 9082 7158 5712 4451
3071 9082 7160 5712 4450
3072 9082 7161 5712 4450
3073 9082 7164 5712 4450
3074 9082 7165 5712 4450
3075 9082 7166 5712 4450
3076 9082 7167 5712 4449
3077 9082 7172 5740 4477
3078 9082 7172 5740 4477
3079 9082 7179 5740 4477
3080 9082 7179 5740 4477
3081 9082 7184 5740 4476
3082 9082 7187 5740 4476
3083 9082 7188 5740 4476
3084 9082 7192 5740 4476
3085 9082 7193 5740 4476
3086 9082 7195 5740 4476
3087 9082 7198 5740 4476
3088 9082 7199 5740 4476
3089 9082 7201 5740 4476
3090 9082 7206 5740 4476
3091 9082 7206 5740 4476
3092 9082 7211 5768 4504
3093 9082 7213 5768 4504
3094 9082 7218 5768 4504
3095 9082 7219 5768 4504
3096 9082 7222 5768 4504
3097 9082 7224 5768 4504
3098 9082 7226 5768 4504
3099 9082 7230 5768 4503
3100 9082 7231 5768 4503
3101 9082 7233 5768 4502
3102 9082 7239 5768 4501
3103 9082 7241 5768 4500
3104 9082 7244 5768 4500
3105 9082 7247 5768 4499
3106 9082 7248 5768 4499
3107 9082 7250 5796 4527
3108 9082 7252 5796 4527
3109 9082 7252 5796 4527
3110 9082 7254 5796 4527
3111 9082 7255 5796 4526
3112 9082 7257 5796 4526
3113 9082 7258 5796 4526
3114 9082 7262 5796 4524
3115 9082 7264 5796 4524
3116 9082 7265 5796 4523
3117 9082 7269 5796 4522
3118 9082 7270 5796 4522
3119 9082 7273 5796 4521
3120 9082 7275 5796 4521
3121 9082 7277 5796 4520
3122 9082 7280 5824 4548
3123 9082 7282 5824 4547
3124 9082 7286 5824 4546
3125 9082 7288 5824 4546
3126 9082 7290 5824 4545
3127 9082 7293 5824 4545
3128 9082 7293 5824 4545
3129 9082 7295 5824 4544
3130 9082 7297 5824 4544
3131 9082 7297 5824 4544
3132 9082 7301 5824 4543
3133 9082 7303 5824 4543
3134 9082 7304 5824 4542
3135 9082 7308 5824 4541
3136 9082 7309 5824 4541
3137 9082 7311 5852 4569
3138 9082 7311 5852 4569
3139 9082 7314 5852 4567
3140 9082 7317 5852 4566
3141 9082 7319 5852 4565
3142 9082 7322 5852 4565
3143 9082 7323 5852 4565
3144 9082 7324 5852 4564
3145 9082 7328 5852 4562
3146 9082 7330 5852 4562
3147 9082 7332 5852 4561
3148 9082 7335 5852 4561
3149 9082 7335 5852 4561
3150 9082 7339 5852 4559
3151 9082 7341 5852 4559
3152 9082 7342 5880 4587
3153 9082 7345 5880 4587
3154 9082 7347 5880 4587
3155 9082 7348 5880 4587
3156 9082 7352 5880 4587
3157 9082 7353 5880 4586
3158 9082 7358 5880 4586
3159 9082 7359 5880 4586
3160 9082 7364 5880 4586
3161 9082 7365 5880 4586
3162 9082 7369 5880 4585
3163 9082 7372 5880 4585
3164 9082 7374 5880 4585
3165 9082 7377 5880 4585
3166 9082 7380 5880 4585
3167 9082 7382 5908 4612
3168 9082 7388 5908 4611
3169 9082 7391 5908 4611
3170 9082 7394 5908 4611
3171 9082 7395 5908 4611
3172 9082 7398 5908 4611
3173 9082 7399 5908 4611
3174 9082 7403 5908 4610
3175 9082 7404 5908 4610
3176 9082 7406 5908 4609
3177 9082 7410 5908 4609
3178 9082 7410 5908 4609
3179 9082 7414 5908 4609
3180 9082 7416 5908 4609
3181 9082 7419 5908 4608
3182 9082 7421 5936 4636
3183 9082 7424 5936 4634
3184 9082 7428 5936 4634
3185 9082 7430 5936 4634
3186 9082 7433 5936 4634
3187 9082 7437 5936 4633
3188 9082 7442 5936 4631
3189 9082 7446 5936 4630
3190 9082 7448 5936 4630
3191 9082 7452 5936 4630
3192 9082 7453 5936 4630
3193 9082 7456 5936 4628
3194 9082 7459 5936 4628
3195 9082 7459 5936 4628
3196 9082 7463 5936 4627
3197 9082 7464 5964 4655
3198 9082 7465 5964 4655
3199 9082 7468 5964 4655
3200 9082 7469 5964 4654
3201 9082 7472 5964 4654
3202 9082 7473 5964 4654
3203 9082 7478 5964 4654
3204 9082 7478 5964 4654
3205 9082 7482 5964 4653
3206 9082 7486 5964 4653
3207 9082 7488 5964 4653
3208 9082 7490 5964 4653
3209 9082 7492 5964 4653
3210 9082 7496 5964 4652
3211 9082 7499 5964 4652
3212 9082 7502 5992 4680
3213 9082 7504 5992 4680
3214 9082 7507 5992 4680
3215 9082 7510 5992 4680
3216 9082 7513 5992 4680
3217 9082 7515 5992 4680
3218 9082 7516 5992 4680
3219 9082 7519 5992 4680
3220 9082 7523 5992 4680
3221 9082 7524 5992 4680
3222 9082 7527 5992 4680
3223 9082 7528 5992 4680
3224 9082 7530 5992 4680
3225 9082 7533 5992 4680
3226 9082 7535 5992 4680
3227 9082 7535 6020 4708
3228 9082 7538 6020 4708
3229 9082 7541 6020 4708
3230 9082 7542 6020 4708
3231 9082 7543 6020 4708
3232 9082 7545 6020 4708
3233 9082 7546 6020 4708
3234 9082 7550 6020 4708
3235 9082 7552 6020 4707
3236 9082 7552 6020 4707
3237 9082 7555 6020 4707
3238 9082 7557 6020 4707
3239 9082 7559 6020 4707
3240 9082 7559 6020 4707
3241 9082 7561 6020 4707
3242 9082 7563 6048 4734
3243 9082 7565 6048 4734
3244 9082 7567 6048 4734
3245 9082 7568 6048 4734
3246 9082 7573 6048 4732
3247 9082 7574 6048 4732
3248 9082 7576 6048 4732
3249 9082 7578 6048 4731
3250 9082 7581 6048 4731
3251 9082 7582 6048 4731
3252 9082 7583 6048 4731
3253 9082 7587 6048 4730
3254 9082 7587 6048 4730
3255 9082 7592 6048 4728
3256 9082 7595 6048 4727
3257 9082 7596 6076 4754
3258 9082 7599 6076 4754
3259 9082 7599 6076 4754
3260 9082 7602 6076 4753
3261 9082 7603 6076 4753
3262 9082 7605 6076 4752
3263 9082 7608 6076 4751
3264 9082 7608 6076 4751
3265 9082 7610 6076 4751
3266 9082 7610 6076 4751
3267 9082 7613 6076 4750
3268 9082 7614 6076 4750
3269 9082 7616 6076 4748
3270 9082 7620 6076 4747
3271 9082 7620 6076 4747
3272 9082 7623 6104 4774
3273 9082 7625 6104 4774
3274 9082 7626 6104 4773
3275 9082 7629 6104 4773
3276 9082 7629 6104 4773
3277 9082 7633 6104 4772
3278 9082 7634 6104 4772
3279 9082 7637 6104 4769
3280 9082 7642 6104 4768
3281 9082 7642 6104 4768
3282 9082 7646 6104 4767
3283 9082 7647 6104 4767
3284 9082 7649 6104 4765
3285 9082 7653 6104 4765
3286 9082 7654 6104 4764
3287 9082 7658 6132 4791
3288 9082 7659 6132 4791
3289 9082 7661 6132 4789
3290 9082 7665 6132 4789
3291 9082 7667 6132 4787
3292 9082 7670 6132 4787
3293 9082 7671 6132 4787
3294 9082 7673 6132 4785
3295 9082 7677 6132 4785
3296 9082 7677 6132 4785
3297 9082 7681 6132 4784
3298 9082 7682 6132 4784
3299 9082 7685 6132 4781
3300 9082 7690 6132 4780
3301 9082 7690 6132 4780
3302 9082 7694 6160 4807
3303 9082 7695 6160 4807
3304 9082 7697 6160 4805
3305 9082 7701 6160 4805
3306 9082 7702 6160 4804
3307 9082 7705 6160 4803
3308 9082 7706 6160 4803
3309 9082 7707 6160 4802
3310 9082 7710 6160 4802
3311 9082 7713 6160 4802
3312 9082 7715 6160 4802
3313 9082 7717 6160 4802
3314 9082 7719 6160 4801
3315 9082 7723 6160 4801
3316 9082 7723 6160 4801
3317 9082 7727 6188 4828
3318 9082 7729 6188 4828
3319 9082 7732 6188 4825
3320 9082 7736 6188 4825
3321 9082 7737 6188 4825
3322 9082 7741 6188 4824
3323 9082 7742 6188 4824
3324 9082 7745 6188 4821
3325 9082 7749 6188 4821
3326 9082 7749 6188 4821
3327 9082 7753 6188 4820
3328 9082 7755 6188 4820
3329 9082 7757 6188 4818
3330 9082 7761 6188 4818
3331 9082 7762 6188 4818
3332 9082 7765 6216 4846
3333 9082 7766 6216 4846
3334 9082 7767 6216 4845
3335 9082 7771 6216 4845
3336 9082 7771 6216 4845
3337 9082 7775 6216 4845
3338 9082 7775 6216 4845
3339 9082 7780 6216 4843
3340 9082 7783 6216 4843
3341 9082 7785 6216 4843
3342 9082 7789 6216 4843
3343 9082 7790 6216 4843
3344 9082 7793 6216 4841
3345 9082 7796 6216 4841
3346 9082 7798 6216 4841
3347 9082 7800 6244 4869
3348 9082 7802 6244 4869
3349 9082 7803 6244 4869
3350 9082 7806 6244 4868
3351 9082 7810 6244 4868
3352 9082 7812 6244 4868
3353 9082 7813 6244 4868
3354 9082 7816 6244 4868
3355 9082 7817 6244 4868
3356 9082 7820 6244 4868
3357 9082 7823 6244 4868
3358 9082 7824 6244 4868
3359 9082 7827 6244 4867
3360 9082 7829 6244 4867
3361 9082 7831 6244 4867
3362 9082 7833 6272 4895
3363 9082 7836 6272 4895
3364 9082 7836 6272 4895
3365 9082 7840 6272 4893
3366 9082 7844 6272 4893
3367 9082 7844 6272 4893
3368 9082 7848 6272 4892
3369 9082 7850 6272 4892
3370 9082 7853 6272 4891
3371 9082 7856 6272 4891
3372 9082 7856 6272 4891
3373 9082 7862 6272 4889
3374 9082 7865 6272 4889
3375 9082 7867 6272 4888
3376 9082 7869 6272 4888
3377 9082 7873 6300 4915
3378 9082 7876 6300 4914
3379 9082 7879 6300 4914
3380 9082 7879 6300 4914
3381 9082 7882 6300 4914
3382 9082 7884 6300 4914
3383 9082 7886 6300 4914
3384 9082 7888 6300 4914
3385 9082 7890 6300 4914
3386 9082 7891 6300 4913
3387 9082 7897 6300 4913
3388 9082 7897 6300 4913
3389 9082 7902 6300 4913
3390 9082 7903 6300 4913
3391 9082 7907 6300 4911
3392 9082 7911 6328 4939
3393 9082 7912 6328 4939
3394 9082 7915 6328 4939
3395 9082 7917 6328 4939
3396 9082 7919 6328 4937
3397 9082 7924 6328 4937
3398 9082 7925 6328 4937
3399 9082 7929 6328 4937
3400 9082 7929 6328 4937
3401 9082 7934 6328 4936
3402 9082 7937 6328 4936
3403 9082 7939 6328 4936
3404 9082 7941 6328 4936
3405 9082 7942 6328 4936
3406 9082 7945 6328 4936
3407 9082 7948 6356 4964
3408 9082 7951 6356 4963
3409 9082 7953 6356 4963
3410 9082 7955 6356 4963
3411 9082 7959 6356 4963
3412 9082 7960 6356 4963
3413 9082 7963 6356 4963
3414 9082 7964 6356 4962
3415 9082 7968 6356 4962
3416 9082 7968 6356 4962
3417 9082 7973 6356 4962
3418 9082 7975 6356 4961
3419 9082 7978 6356 4961
3420 9082 7979 6356 4961
3421 9082 7981 6356 4960
3422 9082 7981 6384 4988
3423 9082 7984 6384 4988
3424 9082 7984 6384 4988
3425 9082 7988 6384 4987
3426 9082 7989 6384 4987
3427 9082 7992 6384 4985
3428 9082 7996 6384 4983
3429 9082 7998 6384 4983
3430 9082 8000 6384 4983
3431 9082 8000 6384 4983
3432 9082 8004 6384 4982
3433 9082 8005 6384 4982
3434 9082 8007 6384 4981
3435 9082 8010 6384 4981
3436 9082 8011 6384 4981
3437 9082 8014 6412 5008
3438 9082 8017 6412 5008
3439 9082 8020 6412 5007
3440 9082 8022 6412 5007
3441 9082 8023 6412 5006
3442 9082 8026 6412 5006
3443 9082 8027 6412 5006
3444 9082 8028 6412 5006
3445 9082 8031 6412 5005
3446 9082 8034 6412 5004
3447 9082 8037 6412 5003
3448 9082 8039 6412 5002
3449 9082 8043 6412 5001
3450 9082 8045 6412 5001
3451 9082 8046 6412 5000
3452 9082 8050 6440 5027
3453 9082 8051 6440 5027
3454 9082 8054 6440 5025
3455 9082 8058 6440 5025
3456 9082 8058 6440 5025
3457 9082 8062 6440 5024
3458 9082 8063 6440 5024
3459 9082 8066 6440 5022
3460 9082 8069 6440 5022
3461 9082 8070 6440 5021
3462 9082 8073 6440 5021
3463 9082 8074 6440 5021
3464 9082 8075 6440 5021
3465 9082 8078 6440 5021
3466 9082 8079 6440 5020
3467 9082 8084 6468 5048
3468 9082 8084 6468 5048
3469 9082 8089 6468 5047
3470 9082 8091 6468 5047
3471 9082 8094 6468 5046
3472 9082 8097 6468 5046
3473 9082 8098 6468 5046
3474 9082 8100 6468 5045
3475 9082 8104 6468 5045
3476 9082 8104 6468 5045
3477 9082 8109 6468 5045
3478 9082 8109 6468 5045
3479 9082 8115 6468 5043
3480 9082 8118 6468 5043
3481 9082 8121 6468 5043
3482 9082 8122 6496 5071
3483 9082 8127 6496 5071
3484 9082 8127 6496 5071
3485 9082 8131 6496 5071
3486 9082 8132 6496 5071
3487 9082 8133 6496 5071
3488 9082 8136 6496 5071
3489 9082 8138 6496 5071
3490 9082 8140 6496 5070
3491 9082 8142 6496 5070
3492 9082 8146 6496 5069
3493 9082 8150 6496 5068
3494 9082 8154 6496 5068
3495 9082 8156 6496 5068
3496 9082 8161 6496 5067
3497 9082 8163 6524 5094
3498 9082 8170 6524 5093
3499 9082 8171 6524 5093
3500 9082 8174 6524 5092
3501 9082 8177 6524 5092
3502 9082 8178 6524 5092
3503 9082 8180 6524 5091
3504 9082 8183 6524 5091
3505 9082 8183 6524 5091
3506 9082 8186 6524 5090
3507 9082 8188 6524 5090
3508 9082 8189 6524 5090
3509 9082 8192 6524 5090
3510 9082 8193 6524 5089
3511 9082 8195 6524 5088
3512 9082 8198 6552 5116
3513 9082 8199 6552 5116
3514 9082 8202 6552 5116
3515 9082 8203 6552 5116
3516 9082 8206 6552 5114
3517 9082 8211 6552 5114
3518 9082 8211 6552 5114
3519 9082 8216 6552 5114
3520 9082 8216 6552 5114
3521 9082 8219 6552 5112
3522 9082 8223 6552 5112
3523 9082 8223 6552 5112
3524 9082 8227 6552 5112
3525 9082 8228 6552 5112
3526 9082 8229 6552 5112
3527 9082 8234 6580 5140
3528 9082 8234 6580 5140
3529 9082 8238 6580 5140
3530 9082 8240 6580 5140
3531 9082 8244 6580 5140
3532 9082 8245 6580 5140
3533 9082 8251 6580 5140
3534 9082 8252 6580 5140
3535 9082 8255 6580 5140
3536 9082 8259 6580 5140
3537 9082 8259 6580 5140
3538 9082 8263 6580 5140
3539 9082 8266 6580 5140
3540 9082 8269 6580 5140
3541 9082 8272 6580 5140
3542 9082 8274 6608 5168
3543 9082 8277 6608 5168
3544 9082 8282 6608 5166
3545 9082 8283 6608 5166
3546 9082 8284 6608 5166
3547 9082 8285 6608 5166
3548 9082 8289 6608 5166
3549 9082 8289 6608 5166
3550 9082 8292 6608 5165
3551 9082 8294 6608 5165
3552 9082 8295 6608 5165
3553 9082 8299 6608 5164
3554 9082 8300 6608 5164
3555 9082 8301 6608 5164
3556 9082 8302 6608 5164
3557 9082 8304 6636 5192
3558 9082 8305 6636 5192
3559 9082 8307 6636 5192
3560 9082 8310 6636 5190
3561 9082 8313 6636 5188
3562 9082 8317 6636 5187
3563 9082 8319 6636 5186
3564 9082 8321 6636 5186
3565 9082 8321 6636 5186
3566 9082 8325 6636 5185
3567 9082 8326 6636 5185
3568 9082 8328 6636 5184
3569 9082 8331 6636 5183
3570 9082 8331 6636 5183
3571 9082 8334 6636 5183
3572 9082 8334 6664 5211
3573 9082 8338 6664 5209
3574 9082 8340 6664 5209
3575 9082 8342 6664 5207
3576 9082 8346 6664 5207
3577 9082 8346 6664 5207
3578 9082 8348 6664 5207
3579 9082 8350 6664 5207
3580 9082 8352 6664 5205
3581 9082 8356 6664 5205
3582 9082 8356 6664 5205
3583 9082 8360 6664 5203
3584 9082 8362 6664 5203
3585 9082 8364 6664 5201
3586 9082 8369 6664 5200
3587 9082 8369 6692 5228
3588 9082 8374 6692 5225
3589 9082 8376 6692 5225
3590 9082 8376 6692 5225
3591 9082 8380 6692 5225
3592 9082 8382 6692 5225
3593 9082 8386 6692 5223
3594 9082 8389 6692 5222
3595 9082 8391 6692 5221
3596 9082 8395 6692 5221
3597 9082 8395 6692 5221
3598 9082 8396 6692 5221
3599 9082 8398 6692 5221
3600 9082 8400 6692 5220
3601 9082 8404 6692 5220
3602 9082 8404 6720 5248
3603 9082 8408 6720 5245
3604 9082 8411 6720 5245
3605 9082 8412 6720 5244
3606 9082 8416 6720 5244
3607 9082 8416 6720 5244
3608 9082 8420 6720 5241
3609 9082 8423 6720 5241
3610 9082 8423 6720 5241
3611 9082 8427 6720 5241
3612 9082 8427 6720 5241
3613 9082 8430 6720 5238
3614 9082 8434 6720 5238
3615 9082 8434 6720 5238
3616 9082 8438 6720 5237
3617 9082 8439 6748 5265
3618 9082 8439 6748 5265
3619 9082 8443 6748 5265
3620 9082 8443 6748 5265
3621 9082 8446 6748 5264
3622 9082 8448 6748 5264
3623 9082 8451 6748 5263
3624 9082 8454 6748 5263
3625 9082 8456 6748 5263
3626 9082 8458 6748 5262
3627 9082 8462 6748 5262
3628 9082 8464 6748 5261
3629 9082 8469 6748 5261
3630 9082 8470 6748 5261
3631 9082 8473 6748 5261
3632 9082 8475 6776 5289
3633 9082 8479 6776 5288
3634 9082 8481 6776 5288
3635 9082 8485 6776 5287
3636 9082 8490 6776 5287
3637 9082 8490 6776 5287
3638 9082 8494 6776 5287
3639 9082 8497 6776 5287
3640 9082 8498 6776 5287
3641 9082 8501 6776 5287
3642 9082 8502 6776 5287
3643 9082 8505 6776 5287
3644 9082 8508 6776 5286
3645 9082 8512 6776 5285
3646 9082 8515 6776 5285
3647 9082 8517 6804 5313
3648 9082 8518 6804 5313
3649 9082 8520 6804 5312
3650 9082 8523 6804 5312
3651 9082 8525 6804 5312
3652 9082 8528 6804 5311
3653 9082 8532 6804 5310
3654 9082 8538 6804 5309
3655 9082 8540 6804 5309
3656 9082 8542 6804 5309
3657 9082 8545 6804 5309
3658 9082 8547 6804 5308
3659 9082 8550 6804 5308
3660 9082 8550 6804 5308
3661 9082 8552 6804 5307
3662 9082 8555 6832 5335
3663 9082 8556 6832 5334
3664 9082 8560 6832 5333
3665 9082 8561 6832 5333
3666 9082 8563 6832 5332
3667 9082 8566 6832 5332
3668 9082 8566 6832 5332
3669 9082 8568 6832 5331
3670 9082 8571 6832 5331
3671 9082 8572 6832 5330
3672 9082 8575 6832 5330
3673 9082 8575 6832 5330
3674 9082 8578 6832 5329
3675 9082 8580 6832 5329
3676 9082 8582 6832 5328
3677 9082 8587 6860 5356
3678 9082 8587 6860 5356
3679 9082 8591 6860 5356
3680 9082 8593 6860 5356
3681 9082 8593 6860 5356
3682 9082 8596 6860 5356
3683 9082 8597 6860 5356
3684 9082 8600 6860 5356
3685 9082 8601 6860 5356
3686 9082 8605 6860 5356
3687 9082 8608 6860 5356
3688 9082 8610 6860 5356
3689 9082 8613 6860 5356
3690 9082 8616 6860 5356
3691 9082 8618 6860 5356
3692 9082 8623 6888 5384
3693 9082 8625 6888 5383
3694 9082 8628 6888 5383
3695 9082 8631 6888 5382
3696 9082 8635 6888 5382
3697 9082 8638 6888 5381
3698 9082 8640 6888 5381
3699 9082 8641 6888 5381
3700 9082 8642 6888 5381
3701 9082 8645 6888 5381
3702 9082 8647 6888 5381
3703 9082 8649 6888 5380
3704 9082 8651 6888 5379
3705 9082 8654 6888 5378
3706 9082 8657 6888 5377
3707 9082 8660 6916 5405
3708 9082 8661 6916 5404
3709 9082 8663 6916 5403
3710 9082 8665 6916 5403
3711 9082 8667 6916 5403
3712 9082 8669 6916 5403
3713 9082 8671 6916 5403
3714 9082 8673 6916 5402
3715 9082 8676 6916 5401
3716 9082 8679 6916 5401
3717 9082 8680 6916 5401
3718 9082 8682 6916 5400
3719 9082 8685 6916 5399
3720 9082 8687 6916 5398
3721 9082 8690 6916 5398
3722 9082 8691 6944 5426
3723 9082 8693 6944 5425
3724 9082 8695 6944 5425
3725 9082 8696 6944 5424
3726 9082 8699 6944 5424
3727 9082 8699 6944 5424
3728 9082 8702 6944 5423
3729 9082 8704 6944 5423
3730 9082 8705 6944 5422
3731 9082 8708 6944 5422
3732 9082 8708 6944 5422
3733 9082 8711 6944 5422
3734 9082 8713 6944 5422
3735 9082 8716 6944 5419
3736 9082 8720 6944 5419
3737 9082 8721 6972 5447
3738 9082 8724 6972 5447
3739 9082 8724 6972 5447
3740 9082 8727 6972 5444
3741 9082 8731 6972 5443
3742 9082 8732 6972 5443
3743 9082 8735 6972 5443
3744 9082 8737 6972 5443
3745 9082 8738 6972 5442
3746 9082 8741 6972 5441
3747 9082 8743 6972 5440
3748 9082 8746 6972 5440
3749 9082 8747 6972 5440
3750 9082 8750 6972 5440
3751 9082 8751 6972 5440
3752 9082 8755 7000 5467
3753 9082 8757 7000 5467
3754 9082 8760 7000 5467
3755 9082 8763 7000 5466
3756 9082 8767 7000 5466
3757 9082 8767 7000 5466
3758 9082 8772 7000 5466
3759 9082 8773 7000 5466
3760 9082 8776 7000 5465
3761 9082 8778 7000 5465
3762 9082 8781 7000 5465
3763 9082 8782 7000 5465
3764 9082 8786 7000 5465
3765 9082 8789 7000 5464
3766 9082 8791 7000 5464
3767 9082 8793 7028 5492
3768 9082 8796 7028 5492
3769 9082 8799 7028 5492
3770 9082 8800 7028 5492
3771 9082 8804 7028 5492
3772 9082 8807 7028 5491
3773 9082 8810 7028 5490
3774 9082 8812 7028 5490
3775 9082 8814 7028 5490
3776 9082 8815 7028 5490
3777 9082 8818 7028 5490
3778 9082 8821 7028 5489
3779 9082 8823 7028 5489
3780 9082 8827 7028 5489
3781 9082 8828 7028 5488
3782 9082 8832 7056 5515
3783 9082 8835 7056 5515
3784 9082 8837 7056 5515
3785 9082 8837 7056 5515
3786 9082 8841 7056 5514
3787 9082 8842 7056 5514
3788 9082 8846 7056 5512
3789 9082 8850 7056 5512
3790 9082 8850 7056 5512
3791 9082 8853 7056 5510
3792 9082 8856 7056 5510
3793 9082 8857 7056 5509
3794 9082 8861 7056 5509
3795 9082 8861 7056 5509
3796 9082 8863 7056 5508
3797 9082 8866 7084 5536
3798 9082 8866 7084 5536
3799 9082 8870 7084 5536
3800 9082 8871 7084 5536
3801 9082 8874 7084 5534
3802 9082 8876 7084 5534
3803 9082 8879 7084 5534
3804 9082 8881 7084 5534
3805 9082 8885 7084 5534
3806 9082 8887 7084 5533
3807 9082 8890 7084 5533
3808 9082 8891 7084 5533
3809 9082 8895 7084 5533
3810 9082 8896 7084 5533
3811 9082 8898 7084 5532
3812 9082 8900 7112 5560
3813 9082 8901 7112 5560
3814 9082 8904 7112 5560
3815 9082 8906 7112 5560
3816 9082 8906 7112 5560
3817 9082 8908 7112 5560
3818 9082 8911 7112 5560
3819 9082 8913 7112 5560
3820 9082 8914 7112 5560
3821 9082 8916 7112 5560
3822 9082 8917 7112 5560
3823 9082 8920 7112 5560
3824 9082 8923 7112 5560
3825 9082 8923 7112 5560
3826 9082 8924 7112 5560
3827 9082 8928 7140 5588
3828 9082 8929 7140 5588
3829 9082 8931 7140 5588
3830 9082 8932 7140 5588
3831 9082 8933 7140 5588
3832 9082 8936 7140 5588
3833 9082 8939 7140 5588
3834 9082 8939 7140 5588
3835 9082 8940 7140 5588
3836 9082 8944 7140 5588
3837 9082 8945 7140 5588
3838 9082 8947 7140 5588
3839 9082 8948 7140 5588
3840 9082 8949 7140 5588
3841 9082 8952 7140 5588
3842 9082 8955 7168 5616
3843 9082 8955 7168 5616
3844 9082 8956 7168 5616
3845 9082 8960 7168 5616
3846 9082 8961 7168 5616
3847 9082 8963 7168 5616
3848 9082 8964 7168 5616
3849 9082 8965 7168 5616
3850 9082 8968 7168 5616
3851 9082 8971 7168 5616
3852 9082 8971 7168 5616
3853 9082 8972 7168 5616
3854 9082 8976 7168 5616
3855 9082 8977 7168 5616
3856 9082 8979 7168 5616
3857 9082 8980 7196 5644
3858 9082 8981 7196 5644
3859 9082 8984 7196 5644
3860 9082 8989 7196 5644
3861 9082 8990 7196 5644
3862 9082 8991 7196 5643
3863 9082 8994 7196 5643
3864 9082 8996 7196 5643
3865 9082 8999 7196 5643
3866 9082 9003 7196 5643
3867 9082 9006 7196 5642
3868 9082 9011 7196 5641
3869 9082 9015 7196 5641
3870 9082 9015 7196 5641
3871 9082 9018 7196 5640
3872 9082 9020 7224 5668
3873 9082 9023 7224 5666
3874 9082 9028 7224 5666
3875 9082 9030 7224 5666
3876 9082 9034 7224 5664
3877 9082 9037 7224 5664
3878 9082 9040 7224 5663
3879 9082 9043 7224 5663
3880 9082 9043 7224 5663
3881 9082 9047 7224 5661
3882 9082 9049 7224 5661
3883 9082 9051 7224 5661
3884 9082 9054 7224 5661
3885 9082 9055 7224 5661
3886 9082 9057 7224 5659
3887 9082 9061 7252 5687
3888 9082 9061 7252 5687
3889 9082 9065 7252 5686
3890 9082 9066 7252 5686
3891 9082 9066 7252 5686
3892 9082 9068 7252 5686
3893 9082 9068 7252 5686
3894 9082 9070 7252 5685
3895 9082 9071 7252 5685
3896 9082 9073 7252 5685
3897 9082 9073 7252 5685
3898 9082 9074 7252 5685
3899 9082 9074 7252 5685
3900 9082 9076 7252 5684
3901 9082 9077 7252 5684
3902 9082 9078 7280 5712
3903 9082 9079 7280 5712
3904 9082 9080 7280 5712
3905 9082 9080 7280 5712
3906 9082 9082 7280 5712
3907 9082 9082 7280 5712
3908 9082 9082 7280 5712
